# ./Data/BW2025-02-07_16:09:39sky
# Duration (in s): 30
# Pointing Position of the Horn: Sky
# Angle pointing (from horizontal perpendicular to supporting axis): 48.70
# Angle pointing (from horizontal parallel to supporting axis): 170
# Calibrator used: NO
# Temperature Outside (in celcius): 25.4
# Temperature of the calibrator (in celcius): Low
# Weather: very clear
# Units: Volts
4.100799560546875000e-05 -3.373999999999999777e-01
4.659104347229003906e-02 -3.372999999999999887e-01
1.036679744720458984e-01 -3.373999999999999777e-01
1.466188430786132812e-01 -3.371999999999999997e-01
2.028217315673828125e-01 -3.376000000000000112e-01
2.458019256591796875e-01 -3.371999999999999997e-01
3.028018474578857422e-01 -3.376000000000000112e-01
3.458030223846435547e-01 -3.372999999999999887e-01
4.028239250183105469e-01 -3.373999999999999777e-01
4.447839260101318359e-01 -3.371000000000000107e-01
5.018548965454101562e-01 -3.373999999999999777e-01
5.447018146514892578e-01 -3.372999999999999887e-01
6.017949581146240234e-01 -3.373999999999999777e-01
6.437261104583740234e-01 -3.372999999999999887e-01
7.008287906646728516e-01 -3.375000000000000222e-01
7.437119483947753906e-01 -3.371999999999999997e-01
8.005948066711425781e-01 -3.372999999999999887e-01
8.576288223266601562e-01 -3.372999999999999887e-01
8.995671272277832031e-01 -3.371999999999999997e-01
9.565150737762451172e-01 -3.372999999999999887e-01
9.994759559631347656e-01 -3.372999999999999887e-01
1.056451082229614258e+00 -3.373999999999999777e-01
1.098350048065185547e+00 -3.371999999999999997e-01
1.155467987060546875e+00 -3.372999999999999887e-01
1.198536872863769531e+00 -3.371999999999999997e-01
1.255445003509521484e+00 -3.373999999999999777e-01
1.297467947006225586e+00 -3.371000000000000107e-01
1.354367017745971680e+00 -3.375000000000000222e-01
1.397350788116455078e+00 -3.371999999999999997e-01
1.454325914382934570e+00 -3.375000000000000222e-01
1.497337102890014648e+00 -3.372999999999999887e-01
1.553380012512207031e+00 -3.373999999999999777e-01
1.596283912658691406e+00 -3.372999999999999887e-01
1.653335094451904297e+00 -3.373999999999999777e-01
1.696280956268310547e+00 -3.371000000000000107e-01
1.753283977508544922e+00 -3.375000000000000222e-01
1.809324979782104492e+00 -3.373999999999999777e-01
1.852346181869506836e+00 -3.373999999999999777e-01
1.909277915954589844e+00 -3.371000000000000107e-01
1.952248096466064453e+00 -3.373999999999999777e-01
2.008261919021606445e+00 -3.371999999999999997e-01
2.051262855529785156e+00 -3.373999999999999777e-01
2.108258008956909180e+00 -3.371999999999999997e-01
2.151253938674926758e+00 -3.375000000000000222e-01
2.208238124847412109e+00 -3.371000000000000107e-01
2.250244140625000000e+00 -3.371999999999999997e-01
2.307214975357055664e+00 -3.371000000000000107e-01
2.350234031677246094e+00 -3.373999999999999777e-01
2.407191991806030273e+00 -3.371999999999999997e-01
2.449203014373779297e+00 -3.373999999999999777e-01
2.506181955337524414e+00 -3.372999999999999887e-01
2.549213886260986328e+00 -3.372999999999999887e-01
2.606213808059692383e+00 -3.371999999999999997e-01
2.648247957229614258e+00 -3.371999999999999997e-01
2.705188035964965820e+00 -3.373999999999999777e-01
2.762166023254394531e+00 -3.372999999999999887e-01
2.805202960968017578e+00 -3.373999999999999777e-01
2.862195014953613281e+00 -3.371999999999999997e-01
2.904155969619750977e+00 -3.375000000000000222e-01
2.961128950119018555e+00 -3.372999999999999887e-01
3.004201889038085938e+00 -3.373999999999999777e-01
3.061135053634643555e+00 -3.372999999999999887e-01
3.103164911270141602e+00 -3.375000000000000222e-01
3.160117864608764648e+00 -3.371000000000000107e-01
3.203153848648071289e+00 -3.373999999999999777e-01
3.260135889053344727e+00 -3.371999999999999997e-01
3.302120923995971680e+00 -3.373999999999999777e-01
3.359172821044921875e+00 -3.370000000000000218e-01
3.402101993560791016e+00 -3.373999999999999777e-01
3.459120750427246094e+00 -3.371999999999999997e-01
3.501124143600463867e+00 -3.373999999999999777e-01
3.558094024658203125e+00 -3.372999999999999887e-01
3.615109920501708984e+00 -3.373999999999999777e-01
3.658078908920288086e+00 -3.372999999999999887e-01
3.715145826339721680e+00 -3.375000000000000222e-01
3.757140874862670898e+00 -3.375000000000000222e-01
3.814084053039550781e+00 -3.373999999999999777e-01
3.857094764709472656e+00 -3.372999999999999887e-01
3.914103031158447266e+00 -3.373999999999999777e-01
3.957030773162841797e+00 -3.373999999999999777e-01
4.013071060180664062e+00 -3.371999999999999997e-01
4.056020975112915039e+00 -3.373999999999999777e-01
4.113044977188110352e+00 -3.372999999999999887e-01
4.156069040298461914e+00 -3.372999999999999887e-01
4.213053941726684570e+00 -3.371999999999999997e-01
4.255069971084594727e+00 -3.373999999999999777e-01
4.312028884887695312e+00 -3.371000000000000107e-01
4.368970870971679688e+00 -3.372999999999999887e-01
4.412120103836059570e+00 -3.371999999999999997e-01
4.468065023422241211e+00 -3.375000000000000222e-01
4.511008024215698242e+00 -3.370000000000000218e-01
4.567984819412231445e+00 -3.373999999999999777e-01
4.610966920852661133e+00 -3.371000000000000107e-01
4.667989015579223633e+00 -3.375000000000000222e-01
4.709981918334960938e+00 -3.372999999999999887e-01
4.766981840133666992e+00 -3.376000000000000112e-01
4.809962034225463867e+00 -3.372999999999999887e-01
4.867017984390258789e+00 -3.373999999999999777e-01
4.908951997756958008e+00 -3.371999999999999997e-01
4.965962886810302734e+00 -3.372999999999999887e-01
5.008967876434326172e+00 -3.371999999999999997e-01
5.065943956375122070e+00 -3.373999999999999777e-01
5.107913017272949219e+00 -3.371999999999999997e-01
5.164921998977661133e+00 -3.372999999999999887e-01
5.221935749053955078e+00 -3.372999999999999887e-01
5.264933109283447266e+00 -3.371999999999999997e-01
5.321951866149902344e+00 -3.372999999999999887e-01
5.363991022109985352e+00 -3.371999999999999997e-01
5.420875072479248047e+00 -3.371999999999999997e-01
5.463868856430053711e+00 -3.371999999999999997e-01
5.520880937576293945e+00 -3.373999999999999777e-01
5.562862157821655273e+00 -3.370000000000000218e-01
5.619874000549316406e+00 -3.373999999999999777e-01
5.662853956222534180e+00 -3.371999999999999997e-01
5.719857931137084961e+00 -3.371999999999999997e-01
5.762834787368774414e+00 -3.371000000000000107e-01
5.818884849548339844e+00 -3.373999999999999777e-01
5.861881971359252930e+00 -3.371000000000000107e-01
5.918835878372192383e+00 -3.373999999999999777e-01
5.961821794509887695e+00 -3.370000000000000218e-01
6.018840074539184570e+00 -3.373999999999999777e-01
6.074826955795288086e+00 -3.370000000000000218e-01
6.117821931838989258e+00 -3.373999999999999777e-01
6.174812793731689453e+00 -3.371999999999999997e-01
6.217781066894531250e+00 -3.372999999999999887e-01
6.273841857910156250e+00 -3.371000000000000107e-01
6.316805839538574219e+00 -3.372999999999999887e-01
6.373850107192993164e+00 -3.371999999999999997e-01
6.416790008544921875e+00 -3.371999999999999997e-01
6.473767995834350586e+00 -3.372999999999999887e-01
6.515855073928833008e+00 -3.373999999999999777e-01
6.572781085968017578e+00 -3.371999999999999997e-01
6.615770816802978516e+00 -3.371000000000000107e-01
6.672760009765625000e+00 -3.371999999999999997e-01
6.714747905731201172e+00 -3.372999999999999887e-01
6.771776914596557617e+00 -3.371999999999999997e-01
6.814746141433715820e+00 -3.372999999999999887e-01
6.871788024902343750e+00 -3.375000000000000222e-01
6.928723812103271484e+00 -3.371000000000000107e-01
6.970725774765014648e+00 -3.373999999999999777e-01
7.027707815170288086e+00 -3.372999999999999887e-01
7.070733070373535156e+00 -3.373999999999999777e-01
7.127701997756958008e+00 -3.371999999999999997e-01
7.169690132141113281e+00 -3.373999999999999777e-01
7.226674795150756836e+00 -3.371999999999999997e-01
7.269675970077514648e+00 -3.373999999999999777e-01
7.326704740524291992e+00 -3.371000000000000107e-01
7.368680000305175781e+00 -3.375000000000000222e-01
7.425708055496215820e+00 -3.371000000000000107e-01
7.468670845031738281e+00 -3.376000000000000112e-01
7.525658845901489258e+00 -3.371000000000000107e-01
7.567651033401489258e+00 -3.375000000000000222e-01
7.624666929244995117e+00 -3.371999999999999997e-01
7.667691946029663086e+00 -3.376000000000000112e-01
7.724662065505981445e+00 -3.371999999999999997e-01
7.781653881072998047e+00 -3.377000000000000002e-01
7.823633909225463867e+00 -3.372999999999999887e-01
7.880679845809936523e+00 -3.375000000000000222e-01
7.923615932464599609e+00 -3.371999999999999997e-01
7.980626821517944336e+00 -3.375000000000000222e-01
8.023610115051269531e+00 -3.372999999999999887e-01
8.079628944396972656e+00 -3.375000000000000222e-01
8.122586727142333984e+00 -3.373999999999999777e-01
8.179595947265625000e+00 -3.372999999999999887e-01
8.222635984420776367e+00 -3.372999999999999887e-01
8.279622793197631836e+00 -3.373999999999999777e-01
8.321583032608032227e+00 -3.373999999999999777e-01
8.378590822219848633e+00 -3.373999999999999777e-01
8.421559095382690430e+00 -3.376000000000000112e-01
8.478544950485229492e+00 -3.371000000000000107e-01
8.535555124282836914e+00 -3.373999999999999777e-01
8.577562093734741211e+00 -3.371000000000000107e-01
8.634528875350952148e+00 -3.371999999999999997e-01
8.677591085433959961e+00 -3.371999999999999997e-01
8.733598947525024414e+00 -3.373999999999999777e-01
8.776787996292114258e+00 -3.371000000000000107e-01
8.833621978759765625e+00 -3.376000000000000112e-01
8.876548767089843750e+00 -3.371999999999999997e-01
8.933521986007690430e+00 -3.373999999999999777e-01
8.975646018981933594e+00 -3.370000000000000218e-01
9.032619953155517578e+00 -3.375000000000000222e-01
9.075686931610107422e+00 -3.371000000000000107e-01
9.132663011550903320e+00 -3.372999999999999887e-01
9.174612998962402344e+00 -3.371000000000000107e-01
9.231692075729370117e+00 -3.371999999999999997e-01
9.274629831314086914e+00 -3.371000000000000107e-01
9.331546068191528320e+00 -3.373999999999999777e-01
9.373705863952636719e+00 -3.371999999999999997e-01
9.430524826049804688e+00 -3.371000000000000107e-01
9.487562894821166992e+00 -3.371000000000000107e-01
9.530523777008056641e+00 -3.371000000000000107e-01
9.587609052658081055e+00 -3.371000000000000107e-01
9.629562139511108398e+00 -3.371999999999999997e-01
9.686573028564453125e+00 -3.371999999999999997e-01
9.729626893997192383e+00 -3.371000000000000107e-01
9.786694765090942383e+00 -3.371999999999999997e-01
9.829755783081054688e+00 -3.371000000000000107e-01
9.885823965072631836e+00 -3.371999999999999997e-01
9.928828954696655273e+00 -3.371000000000000107e-01
9.985825061798095703e+00 -3.371999999999999997e-01
1.002867197990417480e+01 -3.370000000000000218e-01
1.008484101295471191e+01 -3.372999999999999887e-01
1.012766480445861816e+01 -3.371999999999999997e-01
1.018465900421142578e+01 -3.372999999999999887e-01
1.022767305374145508e+01 -3.371000000000000107e-01
1.028477692604064941e+01 -3.375000000000000222e-01
1.034081697463989258e+01 -3.371000000000000107e-01
1.038368678092956543e+01 -3.373999999999999777e-01
1.044080400466918945e+01 -3.371000000000000107e-01
1.048355889320373535e+01 -3.373999999999999777e-01
1.053959608078002930e+01 -3.371000000000000107e-01
1.058263587951660156e+01 -3.372999999999999887e-01
1.063958501815795898e+01 -3.371000000000000107e-01
1.068267178535461426e+01 -3.373999999999999777e-01
1.073971390724182129e+01 -3.371000000000000107e-01
1.078169798851013184e+01 -3.372999999999999887e-01
1.083858299255371094e+01 -3.370000000000000218e-01
1.088138484954833984e+01 -3.371999999999999997e-01
1.093837213516235352e+01 -3.371999999999999997e-01
1.098040390014648438e+01 -3.372999999999999887e-01
1.103762292861938477e+01 -3.371999999999999997e-01
1.108045196533203125e+01 -3.371999999999999997e-01
1.113743209838867188e+01 -3.371999999999999997e-01
1.117944502830505371e+01 -3.371999999999999997e-01
1.123642015457153320e+01 -3.371000000000000107e-01
1.127929592132568359e+01 -3.372999999999999887e-01
1.133660387992858887e+01 -3.372999999999999887e-01
1.137854695320129395e+01 -3.371000000000000107e-01
1.143543982505798340e+01 -3.373999999999999777e-01
1.149240708351135254e+01 -3.370000000000000218e-01
1.153540205955505371e+01 -3.372999999999999887e-01
1.159252786636352539e+01 -3.371999999999999997e-01
1.163430714607238770e+01 -3.372999999999999887e-01
1.169134998321533203e+01 -3.372999999999999887e-01
1.173439192771911621e+01 -3.373999999999999777e-01
1.179128599166870117e+01 -3.372999999999999887e-01
1.183433914184570312e+01 -3.373999999999999777e-01
1.189041495323181152e+01 -3.370000000000000218e-01
1.193332505226135254e+01 -3.373999999999999777e-01
1.199052381515502930e+01 -3.371999999999999997e-01
1.203331613540649414e+01 -3.375000000000000222e-01
1.208923292160034180e+01 -3.371999999999999997e-01
1.213223910331726074e+01 -3.373999999999999777e-01
1.218924784660339355e+01 -3.371000000000000107e-01
1.224622988700866699e+01 -3.375000000000000222e-01
1.228819775581359863e+01 -3.371999999999999997e-01
1.234522294998168945e+01 -3.373999999999999777e-01
1.238816881179809570e+01 -3.372999999999999887e-01
1.244521379470825195e+01 -3.371999999999999997e-01
1.248815107345581055e+01 -3.372999999999999887e-01
1.254421877861022949e+01 -3.372999999999999887e-01
1.258719992637634277e+01 -3.372999999999999887e-01
1.264420080184936523e+01 -3.372999999999999887e-01
1.268715786933898926e+01 -3.372999999999999887e-01
1.274313807487487793e+01 -3.371999999999999997e-01
1.278611779212951660e+01 -3.372999999999999887e-01
1.284325504302978516e+01 -3.371999999999999997e-01
1.288612604141235352e+01 -3.372999999999999887e-01
1.294316792488098145e+01 -3.371000000000000107e-01
1.299916791915893555e+01 -3.372999999999999887e-01
1.304217290878295898e+01 -3.371000000000000107e-01
1.309910988807678223e+01 -3.373999999999999777e-01
1.314208483695983887e+01 -3.368999999999999773e-01
1.319908714294433594e+01 -3.373999999999999777e-01
1.324107909202575684e+01 -3.370000000000000218e-01
1.329805898666381836e+01 -3.373999999999999777e-01
1.334109210968017578e+01 -3.370000000000000218e-01
1.339803695678710938e+01 -3.371999999999999997e-01
1.344005203247070312e+01 -3.371000000000000107e-01
1.349702692031860352e+01 -3.373999999999999777e-01
1.354002189636230469e+01 -3.371000000000000107e-01
1.359702801704406738e+01 -3.373999999999999777e-01
1.363901805877685547e+01 -3.371999999999999997e-01
1.369607090950012207e+01 -3.372999999999999887e-01
1.373905897140502930e+01 -3.371999999999999997e-01
1.379609584808349609e+01 -3.371999999999999997e-01
1.383903884887695312e+01 -3.371999999999999997e-01
1.389500379562377930e+01 -3.371999999999999997e-01
1.393798184394836426e+01 -3.371999999999999997e-01
1.399498009681701660e+01 -3.371999999999999997e-01
1.403798294067382812e+01 -3.371000000000000107e-01
1.409399294853210449e+01 -3.371999999999999997e-01
1.415105986595153809e+01 -3.371999999999999997e-01
1.419426679611206055e+01 -3.371000000000000107e-01
1.425126886367797852e+01 -3.372999999999999887e-01
1.429410505294799805e+01 -3.371000000000000107e-01
1.435001397132873535e+01 -3.371999999999999997e-01
1.439295887947082520e+01 -3.371000000000000107e-01
1.444995713233947754e+01 -3.371000000000000107e-01
1.449295401573181152e+01 -3.371000000000000107e-01
1.454997491836547852e+01 -3.372999999999999887e-01
1.459198212623596191e+01 -3.371000000000000107e-01
1.464892601966857910e+01 -3.373999999999999777e-01
1.469201397895812988e+01 -3.371000000000000107e-01
1.474892210960388184e+01 -3.372999999999999887e-01
1.480497407913208008e+01 -3.371999999999999997e-01
1.484794807434082031e+01 -3.372999999999999887e-01
1.490493297576904297e+01 -3.370000000000000218e-01
1.494787788391113281e+01 -3.373999999999999777e-01
1.500486612319946289e+01 -3.371000000000000107e-01
1.504689192771911621e+01 -3.372999999999999887e-01
1.510391497611999512e+01 -3.371000000000000107e-01
1.514686584472656250e+01 -3.372999999999999887e-01
1.520388698577880859e+01 -3.371000000000000107e-01
1.524591994285583496e+01 -3.372999999999999887e-01
1.530291104316711426e+01 -3.371999999999999997e-01
1.534589099884033203e+01 -3.372999999999999887e-01
1.540288782119750977e+01 -3.371999999999999997e-01
1.544483709335327148e+01 -3.370000000000000218e-01
1.550186276435852051e+01 -3.371000000000000107e-01
1.554482412338256836e+01 -3.371999999999999997e-01
1.560181808471679688e+01 -3.371999999999999997e-01
1.564481687545776367e+01 -3.371000000000000107e-01
1.570100593566894531e+01 -3.371999999999999997e-01
1.575795888900756836e+01 -3.371000000000000107e-01
1.580085396766662598e+01 -3.372999999999999887e-01
1.585784697532653809e+01 -3.371000000000000107e-01
1.590082311630249023e+01 -3.373999999999999777e-01
1.595677995681762695e+01 -3.371000000000000107e-01
1.599977087974548340e+01 -3.375000000000000222e-01
1.605679798126220703e+01 -3.371000000000000107e-01
1.609880399703979492e+01 -3.372999999999999887e-01
1.615579485893249512e+01 -3.370000000000000218e-01
1.619876503944396973e+01 -3.372999999999999887e-01
1.625588393211364746e+01 -3.368999999999999773e-01
1.629797887802124023e+01 -3.373999999999999777e-01
1.635602092742919922e+01 -3.371999999999999997e-01
1.639776897430419922e+01 -3.372999999999999887e-01
1.645480704307556152e+01 -3.371000000000000107e-01
1.649774599075317383e+01 -3.373999999999999777e-01
1.655371499061584473e+01 -3.371999999999999997e-01
1.661174798011779785e+01 -3.371999999999999997e-01
1.665372395515441895e+01 -3.368999999999999773e-01
1.671073198318481445e+01 -3.371999999999999997e-01
1.675383496284484863e+01 -3.371999999999999997e-01
1.681097292900085449e+01 -3.372999999999999887e-01
1.685292601585388184e+01 -3.372999999999999887e-01
1.691001296043395996e+01 -3.372999999999999887e-01
1.695287799835205078e+01 -3.371999999999999997e-01
1.700885701179504395e+01 -3.371999999999999997e-01
1.705191802978515625e+01 -3.372999999999999887e-01
1.710880088806152344e+01 -3.371999999999999997e-01
1.715183091163635254e+01 -3.372999999999999887e-01
1.720884299278259277e+01 -3.371000000000000107e-01
1.725073194503784180e+01 -3.371999999999999997e-01
1.730768108367919922e+01 -3.371999999999999997e-01
1.735068202018737793e+01 -3.372999999999999887e-01
1.740773510932922363e+01 -3.370000000000000218e-01
1.746463990211486816e+01 -3.373999999999999777e-01
1.750664591789245605e+01 -3.371000000000000107e-01
1.756362009048461914e+01 -3.373999999999999777e-01
1.760664081573486328e+01 -3.371999999999999997e-01
1.766361498832702637e+01 -3.373999999999999777e-01
1.770562195777893066e+01 -3.370000000000000218e-01
1.776258206367492676e+01 -3.373999999999999777e-01
1.780581593513488770e+01 -3.371000000000000107e-01
1.786273694038391113e+01 -3.373999999999999777e-01
1.790462803840637207e+01 -3.371999999999999997e-01
1.796158885955810547e+01 -3.373999999999999777e-01
1.800457072257995605e+01 -3.373999999999999777e-01
1.806156992912292480e+01 -3.375000000000000222e-01
1.810459494590759277e+01 -3.371999999999999997e-01
1.816055917739868164e+01 -3.373999999999999777e-01
1.820359706878662109e+01 -3.371999999999999997e-01
1.826056814193725586e+01 -3.371999999999999997e-01
1.831754112243652344e+01 -3.372999999999999887e-01
1.836063194274902344e+01 -3.371999999999999997e-01
1.841655802726745605e+01 -3.371999999999999997e-01
1.845951890945434570e+01 -3.371000000000000107e-01
1.851660275459289551e+01 -3.372999999999999887e-01
1.855955195426940918e+01 -3.371999999999999997e-01
1.861549210548400879e+01 -3.373999999999999777e-01
1.865850281715393066e+01 -3.373999999999999777e-01
1.871550297737121582e+01 -3.372999999999999887e-01
1.875851106643676758e+01 -3.371000000000000107e-01
1.881547904014587402e+01 -3.372999999999999887e-01
1.885761404037475586e+01 -3.371999999999999997e-01
1.891459989547729492e+01 -3.373999999999999777e-01
1.895759987831115723e+01 -3.371999999999999997e-01
1.901448607444763184e+01 -3.375000000000000222e-01
1.905666399002075195e+01 -3.372999999999999887e-01
1.911357903480529785e+01 -3.373999999999999777e-01
1.915658998489379883e+01 -3.371999999999999997e-01
1.921349883079528809e+01 -3.376000000000000112e-01
1.927055191993713379e+01 -3.373999999999999777e-01
1.931259274482727051e+01 -3.376000000000000112e-01
1.936964392662048340e+01 -3.370000000000000218e-01
1.941257905960083008e+01 -3.373999999999999777e-01
1.946956205368041992e+01 -3.371000000000000107e-01
1.951149487495422363e+01 -3.372999999999999887e-01
1.956857085227966309e+01 -3.371000000000000107e-01
1.961154103279113770e+01 -3.372999999999999887e-01
1.966857790946960449e+01 -3.371000000000000107e-01
1.971071577072143555e+01 -3.372999999999999887e-01
1.976760196685791016e+01 -3.371999999999999997e-01
1.981078100204467773e+01 -3.371999999999999997e-01
1.986767101287841797e+01 -3.371000000000000107e-01
1.991067099571228027e+01 -3.371000000000000107e-01
1.996670103073120117e+01 -3.372999999999999887e-01
2.000966405868530273e+01 -3.372999999999999887e-01
2.006665182113647461e+01 -3.372999999999999887e-01
2.012373089790344238e+01 -3.371999999999999997e-01
2.016663098335266113e+01 -3.373999999999999777e-01
2.022252273559570312e+01 -3.371000000000000107e-01
2.026556587219238281e+01 -3.373999999999999777e-01
2.032264494895935059e+01 -3.371000000000000107e-01
2.036564993858337402e+01 -3.373999999999999777e-01
2.042171597480773926e+01 -3.371000000000000107e-01
2.046460485458374023e+01 -3.372999999999999887e-01
2.052153491973876953e+01 -3.371000000000000107e-01
2.056441998481750488e+01 -3.373999999999999777e-01
2.062163400650024414e+01 -3.371000000000000107e-01
2.066357493400573730e+01 -3.373999999999999777e-01
2.072068500518798828e+01 -3.371000000000000107e-01
2.076362276077270508e+01 -3.372999999999999887e-01
2.081941390037536621e+01 -3.371000000000000107e-01
2.087735199928283691e+01 -3.372999999999999887e-01
2.091931104660034180e+01 -3.371000000000000107e-01
2.097631096839904785e+01 -3.372999999999999887e-01
2.101930499076843262e+01 -3.371000000000000107e-01
2.107538795471191406e+01 -3.371999999999999997e-01
2.111836481094360352e+01 -3.370000000000000218e-01
2.117538094520568848e+01 -3.372999999999999887e-01
2.121840786933898926e+01 -3.371999999999999997e-01
2.127436995506286621e+01 -3.371000000000000107e-01
2.131738281250000000e+01 -3.372999999999999887e-01
2.137448382377624512e+01 -3.372999999999999887e-01
2.141747689247131348e+01 -3.371999999999999997e-01
2.147450399398803711e+01 -3.371999999999999997e-01
2.151646900177001953e+01 -3.372999999999999887e-01
2.157352089881896973e+01 -3.372999999999999887e-01
2.161640691757202148e+01 -3.372999999999999887e-01
2.167351603507995605e+01 -3.371999999999999997e-01
2.171551895141601562e+01 -3.372999999999999887e-01
2.177248191833496094e+01 -3.371000000000000107e-01
2.182946085929870605e+01 -3.372999999999999887e-01
2.187248301506042480e+01 -3.371000000000000107e-01
2.192958307266235352e+01 -3.371999999999999997e-01
2.197150683403015137e+01 -3.371000000000000107e-01
2.202843499183654785e+01 -3.372999999999999887e-01
2.207141709327697754e+01 -3.371000000000000107e-01
2.212834596633911133e+01 -3.373999999999999777e-01
2.217017483711242676e+01 -3.368999999999999773e-01
2.222721791267395020e+01 -3.373999999999999777e-01
2.227016711235046387e+01 -3.371000000000000107e-01
2.232715177536010742e+01 -3.372999999999999887e-01
2.237025189399719238e+01 -3.371999999999999997e-01
2.242618393898010254e+01 -3.372999999999999887e-01
2.246923398971557617e+01 -3.370000000000000218e-01
2.252610898017883301e+01 -3.372999999999999887e-01
2.258317995071411133e+01 -3.371999999999999997e-01
2.262609100341796875e+01 -3.371999999999999997e-01
2.268209505081176758e+01 -3.371999999999999997e-01
2.272510480880737305e+01 -3.371999999999999997e-01
2.278208208084106445e+01 -3.372999999999999887e-01
2.282511401176452637e+01 -3.371000000000000107e-01
2.288113307952880859e+01 -3.371000000000000107e-01
2.292410492897033691e+01 -3.371999999999999997e-01
2.298120403289794922e+01 -3.370000000000000218e-01
2.302411890029907227e+01 -3.371000000000000107e-01
2.308105015754699707e+01 -3.371000000000000107e-01
2.312311792373657227e+01 -3.370000000000000218e-01
2.318009591102600098e+01 -3.373999999999999777e-01
2.322309803962707520e+01 -3.370000000000000218e-01
2.328004407882690430e+01 -3.371999999999999997e-01
2.332210993766784668e+01 -3.370000000000000218e-01
2.337920689582824707e+01 -3.371999999999999997e-01
2.342215180397033691e+01 -3.371999999999999997e-01
2.347912812232971191e+01 -3.373999999999999777e-01
2.353605604171752930e+01 -3.368999999999999773e-01
2.357812976837158203e+01 -3.373999999999999777e-01
2.363513493537902832e+01 -3.370000000000000218e-01
2.367810106277465820e+01 -3.371999999999999997e-01
2.373515295982360840e+01 -3.370000000000000218e-01
2.377700996398925781e+01 -3.372999999999999887e-01
2.383415794372558594e+01 -3.371000000000000107e-01
2.387715196609497070e+01 -3.372999999999999887e-01
2.393419384956359863e+01 -3.370000000000000218e-01
2.397603297233581543e+01 -3.371999999999999997e-01
2.403308892250061035e+01 -3.370000000000000218e-01
2.407619190216064453e+01 -3.371999999999999997e-01
2.413309597969055176e+01 -3.368999999999999773e-01
2.417606878280639648e+01 -3.371999999999999997e-01
2.423206710815429688e+01 -3.371000000000000107e-01
2.427503895759582520e+01 -3.370000000000000218e-01
2.433206391334533691e+01 -3.370000000000000218e-01
2.437498283386230469e+01 -3.371999999999999997e-01
2.443198895454406738e+01 -3.370000000000000218e-01
2.447405290603637695e+01 -3.371000000000000107e-01
2.453108406066894531e+01 -3.372999999999999887e-01
2.458805489540100098e+01 -3.370000000000000218e-01
2.462990474700927734e+01 -3.373999999999999777e-01
2.468692612648010254e+01 -3.368999999999999773e-01
2.472999501228332520e+01 -3.372999999999999887e-01
2.478703689575195312e+01 -3.370000000000000218e-01
2.482999086380004883e+01 -3.373999999999999777e-01
2.488697791099548340e+01 -3.371000000000000107e-01
2.492896294593811035e+01 -3.373999999999999777e-01
2.498585700988769531e+01 -3.371000000000000107e-01
2.502885699272155762e+01 -3.373999999999999777e-01
2.508483505249023438e+01 -3.371000000000000107e-01
2.512786674499511719e+01 -3.373999999999999777e-01
2.518483877182006836e+01 -3.370000000000000218e-01
2.522787594795227051e+01 -3.371999999999999997e-01
2.528492593765258789e+01 -3.370000000000000218e-01
2.532693815231323242e+01 -3.371999999999999997e-01
2.538396286964416504e+01 -3.370000000000000218e-01
2.542702388763427734e+01 -3.372999999999999887e-01
2.548403191566467285e+01 -3.368999999999999773e-01
2.552693200111389160e+01 -3.370000000000000218e-01
2.558290982246398926e+01 -3.370000000000000218e-01
2.562582802772521973e+01 -3.371999999999999997e-01
2.568279814720153809e+01 -3.370000000000000218e-01
2.573989892005920410e+01 -3.371999999999999997e-01
2.578288507461547852e+01 -3.371999999999999997e-01
2.583885788917541504e+01 -3.372999999999999887e-01
2.588183712959289551e+01 -3.372999999999999887e-01
2.593878698348999023e+01 -3.371999999999999997e-01
2.598087906837463379e+01 -3.371999999999999997e-01
2.603782987594604492e+01 -3.371999999999999997e-01
2.608075380325317383e+01 -3.371999999999999997e-01
2.613776779174804688e+01 -3.371000000000000107e-01
2.617973804473876953e+01 -3.371999999999999997e-01
2.623674702644348145e+01 -3.370000000000000218e-01
2.627978181838989258e+01 -3.372999999999999887e-01
2.633684706687927246e+01 -3.371000000000000107e-01
2.637972402572631836e+01 -3.373999999999999777e-01
2.643571686744689941e+01 -3.371999999999999997e-01
2.647870492935180664e+01 -3.375000000000000222e-01
2.653570199012756348e+01 -3.370000000000000218e-01
2.657872891426086426e+01 -3.372999999999999887e-01
2.663572406768798828e+01 -3.371000000000000107e-01
2.669171595573425293e+01 -3.371999999999999997e-01
2.673468279838562012e+01 -3.368999999999999773e-01
2.679166102409362793e+01 -3.373999999999999777e-01
2.683466291427612305e+01 -3.368999999999999773e-01
2.689069008827209473e+01 -3.373999999999999777e-01
2.693364596366882324e+01 -3.371000000000000107e-01
2.699081587791442871e+01 -3.372999999999999887e-01
2.703390192985534668e+01 -3.371000000000000107e-01
2.709081792831420898e+01 -3.371999999999999997e-01
2.713266086578369141e+01 -3.371999999999999997e-01
2.718962001800537109e+01 -3.372999999999999887e-01
2.723264789581298828e+01 -3.371000000000000107e-01
2.728962683677673340e+01 -3.372999999999999887e-01
2.733178901672363281e+01 -3.370000000000000218e-01
2.738861489295959473e+01 -3.372999999999999887e-01
2.743171191215515137e+01 -3.372999999999999887e-01
2.748889994621276855e+01 -3.371999999999999997e-01
2.753063988685607910e+01 -3.372999999999999887e-01
2.758765697479248047e+01 -3.371999999999999997e-01
2.763059878349304199e+01 -3.371999999999999997e-01
2.768763279914855957e+01 -3.371999999999999997e-01
2.773057985305786133e+01 -3.371999999999999997e-01
2.778656101226806641e+01 -3.371000000000000107e-01
2.784359979629516602e+01 -3.372999999999999887e-01
2.788661980628967285e+01 -3.371000000000000107e-01
2.794353795051574707e+01 -3.372999999999999887e-01
2.798657679557800293e+01 -3.370000000000000218e-01
2.804253101348876953e+01 -3.372999999999999887e-01
2.808559107780456543e+01 -3.371000000000000107e-01
2.814252376556396484e+01 -3.372999999999999887e-01
2.818557381629943848e+01 -3.371999999999999997e-01
2.824155116081237793e+01 -3.372999999999999887e-01
2.828455281257629395e+01 -3.370000000000000218e-01
2.834156274795532227e+01 -3.371999999999999997e-01
2.838349390029907227e+01 -3.370000000000000218e-01
2.844151091575622559e+01 -3.373999999999999777e-01
2.848348903656005859e+01 -3.371000000000000107e-01
2.854048490524291992e+01 -3.373999999999999777e-01
2.858349394798278809e+01 -3.371999999999999997e-01
2.864048576354980469e+01 -3.372999999999999887e-01
2.869759297370910645e+01 -3.371000000000000107e-01
2.873946070671081543e+01 -3.372999999999999887e-01
2.879647684097290039e+01 -3.371999999999999997e-01
2.883949494361877441e+01 -3.370000000000000218e-01
2.889648985862731934e+01 -3.372999999999999887e-01
2.893846392631530762e+01 -3.371000000000000107e-01
2.899544501304626465e+01 -3.371999999999999997e-01
2.903841590881347656e+01 -3.372999999999999887e-01
2.909548211097717285e+01 -3.371999999999999997e-01
2.913739705085754395e+01 -3.371000000000000107e-01
2.919444084167480469e+01 -3.371000000000000107e-01
2.923739385604858398e+01 -3.371000000000000107e-01
2.929451012611389160e+01 -3.371999999999999997e-01
2.933642101287841797e+01 -3.371000000000000107e-01
2.939339280128479004e+01 -3.373999999999999777e-01
2.943637394905090332e+01 -3.370000000000000218e-01
2.949340295791625977e+01 -3.373999999999999777e-01
2.953535890579223633e+01 -3.371999999999999997e-01
2.959235191345214844e+01 -3.373999999999999777e-01
2.964935302734375000e+01 -3.371000000000000107e-01
2.969238185882568359e+01 -3.373999999999999777e-01
2.974934196472167969e+01 -3.370000000000000218e-01
2.979145288467407227e+01 -3.372999999999999887e-01
2.984866690635681152e+01 -3.370000000000000218e-01
2.989160490036010742e+01 -3.372999999999999887e-01
2.994861888885498047e+01 -3.371000000000000107e-01
2.999052500724792480e+01 -3.371000000000000107e-01
