# ./Data/BW2025-02-07_15:58:23\blackbody_nonitogen
# Duration (in s): 30
# Pointing Position of the Horn: Sky
# Angle pointing (from horizontal perpendicular to supporting axis): 48.70
# Angle pointing (from horizontal parallel to supporting axis): 0
# Calibrator used: NO
# Temperature Outside (in celcius): 25.4
# Temperature of the calibrator (in celcius): Low
# Weather: very clear
# Units: Volts
5.602836608886718750e-05 -9.356999999999999762e-01
5.214715003967285156e-02 -9.363000000000000211e-01
9.412121772766113281e-02 -9.358999999999999542e-01
1.511442661285400391e-01 -9.364999999999999991e-01
1.941790580749511719e-01 -9.361000000000000432e-01
2.513389587402343750e-01 -9.360000000000000542e-01
2.942419052124023438e-01 -9.361000000000000432e-01
3.500430583953857422e-01 -9.360000000000000542e-01
3.929870128631591797e-01 -9.361000000000000432e-01
4.499440193176269531e-01 -9.361000000000000432e-01
4.921629428863525391e-01 -9.361000000000000432e-01
5.492079257965087891e-01 -9.362000000000000322e-01
5.921151638031005859e-01 -9.363000000000000211e-01
6.490910053253173828e-01 -9.363000000000000211e-01
6.920959949493408203e-01 -9.361000000000000432e-01
7.481100559234619141e-01 -9.358999999999999542e-01
7.911150455474853516e-01 -9.363000000000000211e-01
8.480849266052246094e-01 -9.362000000000000322e-01
8.910529613494873047e-01 -9.363000000000000211e-01
9.481520652770996094e-01 -9.363000000000000211e-01
9.899511337280273438e-01 -9.363000000000000211e-01
1.046947956085205078e+00 -9.362000000000000322e-01
1.089908123016357422e+00 -9.362000000000000322e-01
1.147011995315551758e+00 -9.357999999999999652e-01
1.203049182891845703e+00 -9.361000000000000432e-01
1.246132135391235352e+00 -9.358999999999999542e-01
1.303002119064331055e+00 -9.361000000000000432e-01
1.345919847488403320e+00 -9.361000000000000432e-01
1.402883052825927734e+00 -9.361000000000000432e-01
1.445889949798583984e+00 -9.358999999999999542e-01
1.501857042312622070e+00 -9.360000000000000542e-01
1.544872045516967773e+00 -9.360000000000000542e-01
1.601906061172485352e+00 -9.364000000000000101e-01
1.643846035003662109e+00 -9.358999999999999542e-01
1.700828075408935547e+00 -9.362000000000000322e-01
1.743822097778320312e+00 -9.363000000000000211e-01
1.800883054733276367e+00 -9.362000000000000322e-01
1.842813253402709961e+00 -9.360000000000000542e-01
1.899807929992675781e+00 -9.361000000000000432e-01
1.942793130874633789e+00 -9.358999999999999542e-01
1.999855041503906250e+00 -9.358999999999999542e-01
2.042798995971679688e+00 -9.361000000000000432e-01
2.098788022994995117e+00 -9.354000000000000092e-01
2.155833005905151367e+00 -9.364999999999999991e-01
2.198789119720458984e+00 -9.358999999999999542e-01
2.255848169326782227e+00 -9.360000000000000542e-01
2.298799037933349609e+00 -9.358999999999999542e-01
2.354728221893310547e+00 -9.360000000000000542e-01
2.397852182388305664e+00 -9.361000000000000432e-01
2.454783916473388672e+00 -9.360000000000000542e-01
2.497831106185913086e+00 -9.357999999999999652e-01
2.553777217864990234e+00 -9.362000000000000322e-01
2.596745252609252930e+00 -9.358999999999999542e-01
2.653760910034179688e+00 -9.358999999999999542e-01
2.696755170822143555e+00 -9.363000000000000211e-01
2.753729104995727539e+00 -9.363000000000000211e-01
2.795718193054199219e+00 -9.357999999999999652e-01
2.852728128433227539e+00 -9.364999999999999991e-01
2.895701885223388672e+00 -9.356999999999999762e-01
2.952714920043945312e+00 -9.362000000000000322e-01
3.009705066680908203e+00 -9.357999999999999652e-01
3.051692962646484375e+00 -9.361000000000000432e-01
3.108684062957763672e+00 -9.361000000000000432e-01
3.151674985885620117e+00 -9.357999999999999652e-01
3.208660125732421875e+00 -9.356999999999999762e-01
3.250779151916503906e+00 -9.363000000000000211e-01
3.307668209075927734e+00 -9.357999999999999652e-01
3.350934028625488281e+00 -9.354999999999999982e-01
3.407712936401367188e+00 -9.360000000000000542e-01
3.449701070785522461e+00 -9.358999999999999542e-01
3.506638050079345703e+00 -9.362000000000000322e-01
3.549659013748168945e+00 -9.360000000000000542e-01
3.606675148010253906e+00 -9.360000000000000542e-01
3.648655176162719727e+00 -9.357999999999999652e-01
3.705631256103515625e+00 -9.362000000000000322e-01
3.748649120330810547e+00 -9.360000000000000542e-01
3.805669069290161133e+00 -9.364000000000000101e-01
3.862623214721679688e+00 -9.358999999999999542e-01
3.904602050781250000e+00 -9.360000000000000542e-01
3.961596012115478516e+00 -9.356999999999999762e-01
4.004584074020385742e+00 -9.361000000000000432e-01
4.061596155166625977e+00 -9.361000000000000432e-01
4.104574203491210938e+00 -9.362000000000000322e-01
4.160583019256591797e+00 -9.356999999999999762e-01
4.203590154647827148e+00 -9.357999999999999652e-01
4.260586977005004883e+00 -9.357999999999999652e-01
4.302571058273315430e+00 -9.361000000000000432e-01
4.360557079315185547e+00 -9.358999999999999542e-01
4.402543067932128906e+00 -9.357999999999999652e-01
4.459555149078369141e+00 -9.357999999999999652e-01
4.502569913864135742e+00 -9.358999999999999542e-01
4.558547258377075195e+00 -9.357999999999999652e-01
4.601522207260131836e+00 -9.360000000000000542e-01
4.658565998077392578e+00 -9.356999999999999762e-01
4.701724052429199219e+00 -9.363000000000000211e-01
4.758605957031250000e+00 -9.362000000000000322e-01
4.814547061920166016e+00 -9.360000000000000542e-01
4.857535123825073242e+00 -9.363000000000000211e-01
4.914516925811767578e+00 -9.357999999999999652e-01
4.957513093948364258e+00 -9.358999999999999542e-01
5.013481140136718750e+00 -9.355999999999999872e-01
5.056482076644897461e+00 -9.363000000000000211e-01
5.113473892211914062e+00 -9.360000000000000542e-01
5.156476020812988281e+00 -9.358999999999999542e-01
5.213469028472900391e+00 -9.362000000000000322e-01
5.255505084991455078e+00 -9.358999999999999542e-01
5.312460899353027344e+00 -9.360000000000000542e-01
5.355466127395629883e+00 -9.356999999999999762e-01
5.412445068359375000e+00 -9.354999999999999982e-01
5.454452991485595703e+00 -9.364000000000000101e-01
5.511444091796875000e+00 -9.358999999999999542e-01
5.554438114166259766e+00 -9.358999999999999542e-01
5.611424922943115234e+00 -9.357999999999999652e-01
5.653439998626708984e+00 -9.361000000000000432e-01
5.710437059402465820e+00 -9.361000000000000432e-01
5.767464160919189453e+00 -9.362000000000000322e-01
5.810436964035034180e+00 -9.362000000000000322e-01
5.867432117462158203e+00 -9.364000000000000101e-01
5.909440040588378906e+00 -9.357999999999999652e-01
5.966502189636230469e+00 -9.354999999999999982e-01
6.009449958801269531e+00 -9.356999999999999762e-01
6.066447019577026367e+00 -9.361000000000000432e-01
6.108486175537109375e+00 -9.360000000000000542e-01
6.165487051010131836e+00 -9.360000000000000542e-01
6.208431005477905273e+00 -9.357999999999999652e-01
6.265490055084228516e+00 -9.360000000000000542e-01
6.308436155319213867e+00 -9.361000000000000432e-01
6.364369153976440430e+00 -9.357999999999999652e-01
6.407341957092285156e+00 -9.363000000000000211e-01
6.464354991912841797e+00 -9.361000000000000432e-01
6.507348299026489258e+00 -9.361000000000000432e-01
6.564332008361816406e+00 -9.357999999999999652e-01
6.606311082839965820e+00 -9.361000000000000432e-01
6.663326263427734375e+00 -9.355999999999999872e-01
6.720321893692016602e+00 -9.361000000000000432e-01
6.763354063034057617e+00 -9.361000000000000432e-01
6.819307088851928711e+00 -9.360000000000000542e-01
6.862304925918579102e+00 -9.360000000000000542e-01
6.919317960739135742e+00 -9.365999999999999881e-01
6.962298154830932617e+00 -9.360000000000000542e-01
7.019288063049316406e+00 -9.363000000000000211e-01
7.061290979385375977e+00 -9.363000000000000211e-01
7.118304014205932617e+00 -9.362000000000000322e-01
7.161266088485717773e+00 -9.362000000000000322e-01
7.218262910842895508e+00 -9.360000000000000542e-01
7.260291099548339844e+00 -9.361000000000000432e-01
7.317277193069458008e+00 -9.362000000000000322e-01
7.360246896743774414e+00 -9.362000000000000322e-01
7.417263031005859375e+00 -9.362000000000000322e-01
7.474279165267944336e+00 -9.361000000000000432e-01
7.516244888305664062e+00 -9.360000000000000542e-01
7.573253154754638672e+00 -9.364000000000000101e-01
7.616219043731689453e+00 -9.358999999999999542e-01
7.673232078552246094e+00 -9.364000000000000101e-01
7.715213060379028320e+00 -9.361000000000000432e-01
7.772233247756958008e+00 -9.361000000000000432e-01
7.815201044082641602e+00 -9.362000000000000322e-01
7.872200250625610352e+00 -9.363000000000000211e-01
7.915184020996093750e+00 -9.360000000000000542e-01
7.971198081970214844e+00 -9.362000000000000322e-01
8.014209032058715820e+00 -9.362000000000000322e-01
8.071180105209350586e+00 -9.362000000000000322e-01
8.113200187683105469e+00 -9.358999999999999542e-01
8.170156002044677734e+00 -9.358999999999999542e-01
8.227163076400756836e+00 -9.358999999999999542e-01
8.270225048065185547e+00 -9.362000000000000322e-01
8.327177286148071289e+00 -9.363000000000000211e-01
8.369152069091796875e+00 -9.364000000000000101e-01
8.426143884658813477e+00 -9.360000000000000542e-01
8.469147205352783203e+00 -9.358999999999999542e-01
8.526147127151489258e+00 -9.364999999999999991e-01
8.568148136138916016e+00 -9.361000000000000432e-01
8.625140905380249023e+00 -9.362000000000000322e-01
8.668114185333251953e+00 -9.360000000000000542e-01
8.725273132324218750e+00 -9.361000000000000432e-01
8.768198013305664062e+00 -9.365999999999999881e-01
8.824152946472167969e+00 -9.363000000000000211e-01
8.867112159729003906e+00 -9.362000000000000322e-01
8.924106121063232422e+00 -9.362000000000000322e-01
8.967079162597656250e+00 -9.360000000000000542e-01
9.023138999938964844e+00 -9.363000000000000211e-01
9.081063032150268555e+00 -9.361000000000000432e-01
9.123095035552978516e+00 -9.361000000000000432e-01
9.180056095123291016e+00 -9.357999999999999652e-01
9.223067045211791992e+00 -9.362000000000000322e-01
9.279278993606567383e+00 -9.358999999999999542e-01
9.322242975234985352e+00 -9.362000000000000322e-01
9.379426002502441406e+00 -9.363000000000000211e-01
9.422271966934204102e+00 -9.363000000000000211e-01
9.479418992996215820e+00 -9.362000000000000322e-01
9.521469116210937500e+00 -9.365999999999999881e-01
9.578401088714599609e+00 -9.361000000000000432e-01
9.621417999267578125e+00 -9.364000000000000101e-01
9.678365230560302734e+00 -9.363000000000000211e-01
9.721337080001831055e+00 -9.361000000000000432e-01
9.777416229248046875e+00 -9.364000000000000101e-01
9.820359230041503906e+00 -9.363000000000000211e-01
9.877377033233642578e+00 -9.363000000000000211e-01
9.934362173080444336e+00 -9.366999999999999771e-01
9.977258920669555664e+00 -9.364000000000000101e-01
1.003336691856384277e+01 -9.364999999999999991e-01
1.007627415657043457e+01 -9.364999999999999991e-01
1.013334703445434570e+01 -9.363000000000000211e-01
1.017524909973144531e+01 -9.365999999999999881e-01
1.023234391212463379e+01 -9.360000000000000542e-01
1.027523708343505859e+01 -9.364000000000000101e-01
1.033208703994750977e+01 -9.364000000000000101e-01
1.037395024299621582e+01 -9.367999999999999661e-01
1.043093800544738770e+01 -9.363000000000000211e-01
1.047400903701782227e+01 -9.365999999999999881e-01
1.053102302551269531e+01 -9.360000000000000542e-01
1.057395291328430176e+01 -9.366999999999999771e-01
1.062997221946716309e+01 -9.362000000000000322e-01
1.068692493438720703e+01 -9.364999999999999991e-01
1.072990512847900391e+01 -9.364999999999999991e-01
1.078696489334106445e+01 -9.365999999999999881e-01
1.082990407943725586e+01 -9.363000000000000211e-01
1.088588523864746094e+01 -9.363000000000000211e-01
1.092888307571411133e+01 -9.364000000000000101e-01
1.098589515686035156e+01 -9.363000000000000211e-01
1.102887415885925293e+01 -9.365999999999999881e-01
1.108487010002136230e+01 -9.365999999999999881e-01
1.112788391113281250e+01 -9.364999999999999991e-01
1.118490099906921387e+01 -9.364999999999999991e-01
1.122788119316101074e+01 -9.361000000000000432e-01
1.128488206863403320e+01 -9.363000000000000211e-01
1.132699894905090332e+01 -9.364999999999999991e-01
1.138395690917968750e+01 -9.364000000000000101e-01
1.142688107490539551e+01 -9.363000000000000211e-01
1.148385810852050781e+01 -9.364999999999999991e-01
1.154082703590393066e+01 -9.364999999999999991e-01
1.158288192749023438e+01 -9.361000000000000432e-01
1.163984704017639160e+01 -9.367999999999999661e-01
1.168282103538513184e+01 -9.356999999999999762e-01
1.173980116844177246e+01 -9.364000000000000101e-01
1.178185510635375977e+01 -9.364000000000000101e-01
1.183880209922790527e+01 -9.364999999999999991e-01
1.188178920745849609e+01 -9.362000000000000322e-01
1.193879222869873047e+01 -9.364999999999999991e-01
1.198082208633422852e+01 -9.362000000000000322e-01
1.203778600692749023e+01 -9.364999999999999991e-01
1.208076620101928711e+01 -9.364000000000000101e-01
1.213776707649230957e+01 -9.368999999999999551e-01
1.218078398704528809e+01 -9.362000000000000322e-01
1.223678207397460938e+01 -9.365999999999999881e-01
1.227977800369262695e+01 -9.363000000000000211e-01
1.233674097061157227e+01 -9.365999999999999881e-01
1.237977099418640137e+01 -9.364999999999999991e-01
1.243575811386108398e+01 -9.364000000000000101e-01
1.247874808311462402e+01 -9.364999999999999991e-01
1.253575205802917480e+01 -9.366999999999999771e-01
1.257772517204284668e+01 -9.365999999999999881e-01
1.263571310043334961e+01 -9.364999999999999991e-01
1.269171714782714844e+01 -9.364000000000000101e-01
1.273470306396484375e+01 -9.362000000000000322e-01
1.279179620742797852e+01 -9.365999999999999881e-01
1.283371114730834961e+01 -9.362000000000000322e-01
1.289169001579284668e+01 -9.367999999999999661e-01
1.293368506431579590e+01 -9.364000000000000101e-01
1.299068307876586914e+01 -9.366999999999999771e-01
1.303366804122924805e+01 -9.366999999999999771e-01
1.308970403671264648e+01 -9.366999999999999771e-01
1.313267016410827637e+01 -9.364000000000000101e-01
1.318967223167419434e+01 -9.365999999999999881e-01
1.323265719413757324e+01 -9.361000000000000432e-01
1.328869390487670898e+01 -9.364000000000000101e-01
1.333163905143737793e+01 -9.364999999999999991e-01
1.338872504234313965e+01 -9.365999999999999881e-01
1.344593191146850586e+01 -9.364000000000000101e-01
1.348876309394836426e+01 -9.364000000000000101e-01
1.354466009140014648e+01 -9.364000000000000101e-01
1.358767724037170410e+01 -9.364000000000000101e-01
1.364463400840759277e+01 -9.363000000000000211e-01
1.368766808509826660e+01 -9.366999999999999771e-01
1.374461197853088379e+01 -9.362000000000000322e-01
1.378665804862976074e+01 -9.365999999999999881e-01
1.384362101554870605e+01 -9.364000000000000101e-01
1.388660287857055664e+01 -9.363000000000000211e-01
1.394360208511352539e+01 -9.363000000000000211e-01
1.398558807373046875e+01 -9.358999999999999542e-01
1.404263424873352051e+01 -9.363000000000000211e-01
1.408558106422424316e+01 -9.364999999999999991e-01
1.414257907867431641e+01 -9.365999999999999881e-01
1.418557000160217285e+01 -9.362000000000000322e-01
1.424157714843750000e+01 -9.364999999999999991e-01
1.428458905220031738e+01 -9.361000000000000432e-01
1.434153914451599121e+01 -9.364000000000000101e-01
1.439857101440429688e+01 -9.364000000000000101e-01
1.444155693054199219e+01 -9.366999999999999771e-01
1.449755311012268066e+01 -9.363000000000000211e-01
1.454052305221557617e+01 -9.364999999999999991e-01
1.459754204750061035e+01 -9.361000000000000432e-01
1.463952922821044922e+01 -9.364000000000000101e-01
1.469656014442443848e+01 -9.361000000000000432e-01
1.473950719833374023e+01 -9.364000000000000101e-01
1.479654908180236816e+01 -9.361000000000000432e-01
1.483950519561767578e+01 -9.364999999999999991e-01
1.489549708366394043e+01 -9.360000000000000542e-01
1.493850994110107422e+01 -9.363000000000000211e-01
1.499549722671508789e+01 -9.363000000000000211e-01
1.503848218917846680e+01 -9.363000000000000211e-01
1.509549903869628906e+01 -9.363000000000000211e-01
1.513748407363891602e+01 -9.366999999999999771e-01
1.519446015357971191e+01 -9.365999999999999881e-01
1.523746800422668457e+01 -9.366999999999999771e-01
1.529459905624389648e+01 -9.365999999999999881e-01
1.535048604011535645e+01 -9.365999999999999881e-01
1.539343500137329102e+01 -9.368999999999999551e-01
1.545052003860473633e+01 -9.362000000000000322e-01
1.549349713325500488e+01 -9.363000000000000211e-01
1.555045700073242188e+01 -9.368999999999999551e-01
1.559249925613403320e+01 -9.371000000000000441e-01
1.564944505691528320e+01 -9.364999999999999991e-01
1.569240307807922363e+01 -9.370000000000000551e-01
1.574943304061889648e+01 -9.365999999999999881e-01
1.579142212867736816e+01 -9.366999999999999771e-01
1.584841322898864746e+01 -9.364999999999999991e-01
1.589139699935913086e+01 -9.365999999999999881e-01
1.594843101501464844e+01 -9.365999999999999881e-01
1.600538802146911621e+01 -9.367999999999999661e-01
1.604737496376037598e+01 -9.364999999999999991e-01
1.610438227653503418e+01 -9.368999999999999551e-01
1.614735293388366699e+01 -9.365999999999999881e-01
1.620435190200805664e+01 -9.367999999999999661e-01
1.624640607833862305e+01 -9.366999999999999771e-01
1.630338811874389648e+01 -9.365999999999999881e-01
1.634635901451110840e+01 -9.370000000000000551e-01
1.640334296226501465e+01 -9.367999999999999661e-01
1.644636011123657227e+01 -9.364999999999999991e-01
1.650240206718444824e+01 -9.368999999999999551e-01
1.654532289505004883e+01 -9.370000000000000551e-01
1.660248422622680664e+01 -9.367999999999999661e-01
1.664435195922851562e+01 -9.372000000000000330e-01
1.670133590698242188e+01 -9.364999999999999991e-01
1.675834202766418457e+01 -9.368999999999999551e-01
1.680132603645324707e+01 -9.370000000000000551e-01
1.685834407806396484e+01 -9.370000000000000551e-01
1.690131306648254395e+01 -9.367999999999999661e-01
1.695731186866760254e+01 -9.372000000000000330e-01
1.700030612945556641e+01 -9.366999999999999771e-01
1.705733609199523926e+01 -9.370000000000000551e-01
1.709937810897827148e+01 -9.370000000000000551e-01
1.715732026100158691e+01 -9.370000000000000551e-01
1.719932794570922852e+01 -9.367999999999999661e-01
1.725635409355163574e+01 -9.372000000000000330e-01
1.729933309555053711e+01 -9.367999999999999661e-01
1.735530519485473633e+01 -9.366999999999999771e-01
1.739825415611267090e+01 -9.368999999999999551e-01
1.745524907112121582e+01 -9.370000000000000551e-01
1.749832320213317871e+01 -9.365999999999999881e-01
1.755421996116638184e+01 -9.367999999999999661e-01
1.761220908164978027e+01 -9.368999999999999551e-01
1.765421414375305176e+01 -9.368999999999999551e-01
1.771125698089599609e+01 -9.365999999999999881e-01
1.775422811508178711e+01 -9.368999999999999551e-01
1.781019687652587891e+01 -9.366999999999999771e-01
1.785319113731384277e+01 -9.365999999999999881e-01
1.791021609306335449e+01 -9.368999999999999551e-01
1.795317292213439941e+01 -9.370000000000000551e-01
1.801018691062927246e+01 -9.368999999999999551e-01
1.805217599868774414e+01 -9.366999999999999771e-01
1.810918331146240234e+01 -9.367999999999999661e-01
1.815216708183288574e+01 -9.367999999999999661e-01
1.820917105674743652e+01 -9.372000000000000330e-01
1.825217413902282715e+01 -9.368999999999999551e-01
1.830817198753356934e+01 -9.371000000000000441e-01
1.836513805389404297e+01 -9.366999999999999771e-01
1.840813422203063965e+01 -9.372000000000000330e-01
1.846516489982604980e+01 -9.367999999999999661e-01
1.850812792778015137e+01 -9.366999999999999771e-01
1.856412100791931152e+01 -9.364999999999999991e-01
1.860711693763732910e+01 -9.368999999999999551e-01
1.866411614418029785e+01 -9.366999999999999771e-01
1.870610308647155762e+01 -9.364999999999999991e-01
1.876316308975219727e+01 -9.364999999999999991e-01
1.880610704421997070e+01 -9.368999999999999551e-01
1.886309409141540527e+01 -9.366999999999999771e-01
1.890507793426513672e+01 -9.370000000000000551e-01
1.896209406852722168e+01 -9.367999999999999661e-01
1.900506997108459473e+01 -9.366999999999999771e-01
1.906207299232482910e+01 -9.365999999999999881e-01
1.910507798194885254e+01 -9.364999999999999991e-01
1.916108012199401855e+01 -9.370000000000000551e-01
1.921805810928344727e+01 -9.366999999999999771e-01
1.926109886169433594e+01 -9.367999999999999661e-01
1.931818604469299316e+01 -9.365999999999999881e-01
1.936135697364807129e+01 -9.370000000000000551e-01
1.941745090484619141e+01 -9.364999999999999991e-01
1.946015715599060059e+01 -9.366999999999999771e-01
1.951733303070068359e+01 -9.366999999999999771e-01
1.956027626991271973e+01 -9.373000000000000220e-01
1.961631202697753906e+01 -9.364999999999999991e-01
1.965925407409667969e+01 -9.368999999999999551e-01
1.971641016006469727e+01 -9.365999999999999881e-01
1.975927591323852539e+01 -9.367999999999999661e-01
1.981635713577270508e+01 -9.365999999999999881e-01
1.985828185081481934e+01 -9.368999999999999551e-01
1.991534209251403809e+01 -9.366999999999999771e-01
1.995825910568237305e+01 -9.367999999999999661e-01
2.001532888412475586e+01 -9.371000000000000441e-01
2.007229208946228027e+01 -9.368999999999999551e-01
2.011422824859619141e+01 -9.370000000000000551e-01
2.017131423950195312e+01 -9.367999999999999661e-01
2.021419525146484375e+01 -9.368999999999999551e-01
2.027130508422851562e+01 -9.368999999999999551e-01
2.031320214271545410e+01 -9.370000000000000551e-01
2.037008190155029297e+01 -9.366999999999999771e-01
2.041294407844543457e+01 -9.370000000000000551e-01
2.046994018554687500e+01 -9.368999999999999551e-01
2.051201510429382324e+01 -9.370000000000000551e-01
2.056897211074829102e+01 -9.372000000000000330e-01
2.061193704605102539e+01 -9.373000000000000220e-01
2.066891694068908691e+01 -9.366999999999999771e-01
2.071193003654479980e+01 -9.371000000000000441e-01
2.076794004440307617e+01 -9.368999999999999551e-01
2.082510995864868164e+01 -9.370000000000000551e-01
2.086808896064758301e+01 -9.368999999999999551e-01
2.092507219314575195e+01 -9.370000000000000551e-01
2.096704816818237305e+01 -9.367999999999999661e-01
2.102403306961059570e+01 -9.368999999999999551e-01
2.106701827049255371e+01 -9.366999999999999771e-01
2.112406396865844727e+01 -9.371000000000000441e-01
2.116701722145080566e+01 -9.372000000000000330e-01
2.122301411628723145e+01 -9.372000000000000330e-01
2.126595187187194824e+01 -9.366999999999999771e-01
2.132304716110229492e+01 -9.371000000000000441e-01
2.136600494384765625e+01 -9.372000000000000330e-01
2.142298626899719238e+01 -9.370000000000000551e-01
2.146498012542724609e+01 -9.370000000000000551e-01
2.152200317382812500e+01 -9.372000000000000330e-01
2.156501913070678711e+01 -9.368999999999999551e-01
2.162203407287597656e+01 -9.366999999999999771e-01
2.166385102272033691e+01 -9.371000000000000441e-01
2.172091698646545410e+01 -9.372000000000000330e-01
2.176387310028076172e+01 -9.371000000000000441e-01
2.181979203224182129e+01 -9.365999999999999881e-01
2.186278605461120605e+01 -9.370000000000000551e-01
2.191984510421752930e+01 -9.365999999999999881e-01
2.196277499198913574e+01 -9.368999999999999551e-01
2.201976108551025391e+01 -9.368999999999999551e-01
2.207675909996032715e+01 -9.366999999999999771e-01
2.211874604225158691e+01 -9.368999999999999551e-01
2.217580413818359375e+01 -9.367999999999999661e-01
2.221875715255737305e+01 -9.366999999999999771e-01
2.227577996253967285e+01 -9.368999999999999551e-01
2.231773209571838379e+01 -9.368999999999999551e-01
2.237476491928100586e+01 -9.372000000000000330e-01
2.241773009300231934e+01 -9.366999999999999771e-01
2.247473001480102539e+01 -9.372000000000000330e-01
2.251671314239501953e+01 -9.372000000000000330e-01
2.257373714447021484e+01 -9.371000000000000441e-01
2.261670112609863281e+01 -9.368999999999999551e-01
2.267369699478149414e+01 -9.367999999999999661e-01
2.271570801734924316e+01 -9.367999999999999661e-01
2.277281928062438965e+01 -9.373000000000000220e-01
2.281569194793701172e+01 -9.368999999999999551e-01
2.287272810935974121e+01 -9.370000000000000551e-01
2.292972421646118164e+01 -9.368999999999999551e-01
2.297170186042785645e+01 -9.367999999999999661e-01
2.302868008613586426e+01 -9.368999999999999551e-01
2.307165718078613281e+01 -9.364999999999999991e-01
2.312864613533020020e+01 -9.365999999999999881e-01
2.317070508003234863e+01 -9.367999999999999661e-01
2.322763419151306152e+01 -9.371000000000000441e-01
2.327066993713378906e+01 -9.367999999999999661e-01
2.332763504981994629e+01 -9.368999999999999551e-01
2.337066221237182617e+01 -9.364000000000000101e-01
2.342674493789672852e+01 -9.370000000000000551e-01
2.346967315673828125e+01 -9.367999999999999661e-01
2.352662205696105957e+01 -9.368999999999999551e-01
2.356965303421020508e+01 -9.365999999999999881e-01
2.362661004066467285e+01 -9.368999999999999551e-01
2.366862607002258301e+01 -9.367999999999999661e-01
2.372560405731201172e+01 -9.370000000000000551e-01
2.376866102218627930e+01 -9.368999999999999551e-01
2.382565712928771973e+01 -9.370000000000000551e-01
2.388162088394165039e+01 -9.367999999999999661e-01
2.392457914352416992e+01 -9.367999999999999661e-01
2.398159909248352051e+01 -9.365999999999999881e-01
2.402457213401794434e+01 -9.366999999999999771e-01
2.408157610893249512e+01 -9.366999999999999771e-01
2.412355399131774902e+01 -9.368999999999999551e-01
2.418055319786071777e+01 -9.371000000000000441e-01
2.422354412078857422e+01 -9.371000000000000441e-01
2.428061795234680176e+01 -9.366999999999999771e-01
2.432255101203918457e+01 -9.366999999999999771e-01
2.437955403327941895e+01 -9.365999999999999881e-01
2.442254090309143066e+01 -9.366999999999999771e-01
2.447954821586608887e+01 -9.368999999999999551e-01
2.452152419090270996e+01 -9.366999999999999771e-01
2.457850909233093262e+01 -9.367999999999999661e-01
2.462154507637023926e+01 -9.365999999999999881e-01
2.467849898338317871e+01 -9.370000000000000551e-01
2.472152209281921387e+01 -9.371000000000000441e-01
2.477756714820861816e+01 -9.374000000000000110e-01
2.483452010154724121e+01 -9.365999999999999881e-01
2.487749695777893066e+01 -9.372000000000000330e-01
2.493448710441589355e+01 -9.366999999999999771e-01
2.497748231887817383e+01 -9.371000000000000441e-01
2.503350400924682617e+01 -9.366999999999999771e-01
2.507647514343261719e+01 -9.365999999999999881e-01
2.513344502449035645e+01 -9.366999999999999771e-01
2.517644786834716797e+01 -9.368999999999999551e-01
2.523243808746337891e+01 -9.368999999999999551e-01
2.527548217773437500e+01 -9.368999999999999551e-01
2.533244729042053223e+01 -9.364000000000000101e-01
2.537551927566528320e+01 -9.370000000000000551e-01
2.543245005607604980e+01 -9.364999999999999991e-01
2.547441291809082031e+01 -9.371000000000000441e-01
2.553157711029052734e+01 -9.366999999999999771e-01
2.557444715499877930e+01 -9.368999999999999551e-01
2.563145303726196289e+01 -9.370000000000000551e-01
2.568842101097106934e+01 -9.368999999999999551e-01
2.573039507865905762e+01 -9.370000000000000551e-01
2.578754019737243652e+01 -9.371000000000000441e-01
2.583041310310363770e+01 -9.365999999999999881e-01
2.588738608360290527e+01 -9.370000000000000551e-01
2.592938995361328125e+01 -9.373000000000000220e-01
2.598644709587097168e+01 -9.371000000000000441e-01
2.602938318252563477e+01 -9.368999999999999551e-01
2.608541202545166016e+01 -9.366999999999999771e-01
2.612840700149536133e+01 -9.367999999999999661e-01
2.618535590171813965e+01 -9.364999999999999991e-01
2.622836208343505859e+01 -9.370000000000000551e-01
2.628537106513977051e+01 -9.368999999999999551e-01
2.632732892036437988e+01 -9.367999999999999661e-01
2.638432717323303223e+01 -9.367999999999999661e-01
2.642735195159912109e+01 -9.370000000000000551e-01
2.648432517051696777e+01 -9.364999999999999991e-01
2.652730512619018555e+01 -9.370000000000000551e-01
2.658331203460693359e+01 -9.366999999999999771e-01
2.662634420394897461e+01 -9.364999999999999991e-01
2.668331909179687500e+01 -9.366999999999999771e-01
2.672532010078430176e+01 -9.367999999999999661e-01
2.678353619575500488e+01 -9.370000000000000551e-01
2.683941602706909180e+01 -9.368999999999999551e-01
2.688229799270629883e+01 -9.365999999999999881e-01
2.693930315971374512e+01 -9.368999999999999551e-01
2.698129701614379883e+01 -9.367999999999999661e-01
2.703927588462829590e+01 -9.367999999999999661e-01
2.708131194114685059e+01 -9.370000000000000551e-01
2.713828110694885254e+01 -9.366999999999999771e-01
2.718129396438598633e+01 -9.370000000000000551e-01
2.723727297782897949e+01 -9.368999999999999551e-01
2.728025913238525391e+01 -9.370000000000000551e-01
2.733724713325500488e+01 -9.366999999999999771e-01
2.738022398948669434e+01 -9.366999999999999771e-01
2.743625521659851074e+01 -9.365999999999999881e-01
2.749321317672729492e+01 -9.370000000000000551e-01
2.753624415397644043e+01 -9.362000000000000322e-01
2.759320592880249023e+01 -9.371000000000000441e-01
2.763623595237731934e+01 -9.364000000000000101e-01
2.769218921661376953e+01 -9.370000000000000551e-01
2.773519515991210938e+01 -9.367999999999999661e-01
2.779221010208129883e+01 -9.367999999999999661e-01
2.783520603179931641e+01 -9.367999999999999661e-01
2.789218926429748535e+01 -9.368999999999999551e-01
2.793420791625976562e+01 -9.367999999999999661e-01
2.799119925498962402e+01 -9.368999999999999551e-01
2.803419303894042969e+01 -9.364000000000000101e-01
2.809118819236755371e+01 -9.368999999999999551e-01
2.813322591781616211e+01 -9.365999999999999881e-01
2.819019627571105957e+01 -9.366999999999999771e-01
2.823319101333618164e+01 -9.367999999999999661e-01
2.829022622108459473e+01 -9.365999999999999881e-01
2.833218598365783691e+01 -9.365999999999999881e-01
2.838919115066528320e+01 -9.366999999999999771e-01
2.843221497535705566e+01 -9.366999999999999771e-01
2.848919224739074707e+01 -9.365999999999999881e-01
2.854611206054687500e+01 -9.366999999999999771e-01
2.858815097808837891e+01 -9.366999999999999771e-01
2.864524102210998535e+01 -9.368999999999999551e-01
2.868811511993408203e+01 -9.365999999999999881e-01
2.874519896507263184e+01 -9.367999999999999661e-01
2.878712701797485352e+01 -9.367999999999999661e-01
2.884412622451782227e+01 -9.366999999999999771e-01
2.888708496093750000e+01 -9.364999999999999991e-01
2.894405913352966309e+01 -9.368999999999999551e-01
2.898705101013183594e+01 -9.367999999999999661e-01
2.904320716857910156e+01 -9.366999999999999771e-01
2.908609604835510254e+01 -9.364000000000000101e-01
2.914306712150573730e+01 -9.367999999999999661e-01
2.918605113029479980e+01 -9.364999999999999991e-01
2.924306821823120117e+01 -9.367999999999999661e-01
2.928518319129943848e+01 -9.365999999999999881e-01
2.934235787391662598e+01 -9.364999999999999991e-01
2.938517117500305176e+01 -9.364999999999999991e-01
2.944237112998962402e+01 -9.366999999999999771e-01
2.949837112426757812e+01 -9.367999999999999661e-01
2.954132604598999023e+01 -9.363000000000000211e-01
2.959843111038208008e+01 -9.366999999999999771e-01
2.964132404327392578e+01 -9.364000000000000101e-01
2.969830918312072754e+01 -9.367999999999999661e-01
2.974036598205566406e+01 -9.366999999999999771e-01
2.979729700088500977e+01 -9.364999999999999991e-01
2.984031414985656738e+01 -9.363000000000000211e-01
2.989733695983886719e+01 -9.365999999999999881e-01
2.993928813934326172e+01 -9.364000000000000101e-01
2.999641585350036621e+01 -9.365999999999999881e-01
