# ./Data/BW2025-02-07_15:57:08ground
# Duration (in s): 30
# Pointing Position of the Horn: Sky
# Angle pointing (from horizontal perpendicular to supporting axis): 48.70
# Angle pointing (from horizontal parallel to supporting axis): 0
# Calibrator used: NO
# Temperature Outside (in celcius): 25.4
# Temperature of the calibrator (in celcius): Low
# Weather: very clear
# Units: Volts
3.409385681152343750e-05 -9.122000000000000108e-01
7.313609123229980469e-02 -9.124999999999999778e-01
1.300799846649169922e-01 -9.123999999999999888e-01
1.720902919769287109e-01 -9.121000000000000218e-01
2.290921211242675781e-01 -9.122999999999999998e-01
2.720372676849365234e-01 -9.122999999999999998e-01
3.290901184082031250e-01 -9.121000000000000218e-01
3.710072040557861328e-01 -9.125999999999999668e-01
4.280562400817871094e-01 -9.124999999999999778e-01
4.711351394653320312e-01 -9.125999999999999668e-01
5.281882286071777344e-01 -9.122000000000000108e-01
5.700993537902832031e-01 -9.126999999999999558e-01
6.270930767059326172e-01 -9.121000000000000218e-01
6.700642108917236328e-01 -9.124999999999999778e-01
7.270750999450683594e-01 -9.121000000000000218e-01
7.700572013854980469e-01 -9.123999999999999888e-01
8.260540962219238281e-01 -9.121000000000000218e-01
8.830561637878417969e-01 -9.123999999999999888e-01
9.261031150817871094e-01 -9.123999999999999888e-01
9.829742908477783203e-01 -9.123999999999999888e-01
1.024920225143432617e+00 -9.126999999999999558e-01
1.081887006759643555e+00 -9.126999999999999558e-01
1.125037193298339844e+00 -9.123999999999999888e-01
1.182036399841308594e+00 -9.123999999999999888e-01
1.225047111511230469e+00 -9.122999999999999998e-01
1.281046152114868164e+00 -9.124999999999999778e-01
1.323954343795776367e+00 -9.122000000000000108e-01
1.380933284759521484e+00 -9.123999999999999888e-01
1.423859357833862305e+00 -9.124999999999999778e-01
1.480848073959350586e+00 -9.121000000000000218e-01
1.522903203964233398e+00 -9.124999999999999778e-01
1.579843044281005859e+00 -9.127999999999999448e-01
1.622864246368408203e+00 -9.126999999999999558e-01
1.679888248443603516e+00 -9.124999999999999778e-01
1.722838163375854492e+00 -9.124999999999999778e-01
1.778852224349975586e+00 -9.122000000000000108e-01
1.835799217224121094e+00 -9.126999999999999558e-01
1.878801107406616211e+00 -9.121000000000000218e-01
1.935829162597656250e+00 -9.124999999999999778e-01
1.977801322937011719e+00 -9.120000000000000329e-01
2.034942150115966797e+00 -9.123999999999999888e-01
2.077800273895263672e+00 -9.122999999999999998e-01
2.134778261184692383e+00 -9.124999999999999778e-01
2.176843166351318359e+00 -9.121000000000000218e-01
2.233810186386108398e+00 -9.123999999999999888e-01
2.276777267456054688e+00 -9.125999999999999668e-01
2.333787202835083008e+00 -9.124999999999999778e-01
2.375795364379882812e+00 -9.123999999999999888e-01
2.432765245437622070e+00 -9.124999999999999778e-01
2.475749254226684570e+00 -9.120000000000000329e-01
2.532797336578369141e+00 -9.127999999999999448e-01
2.575744152069091797e+00 -9.122999999999999998e-01
2.631729125976562500e+00 -9.122000000000000108e-01
2.688726186752319336e+00 -9.123999999999999888e-01
2.731744050979614258e+00 -9.124999999999999778e-01
2.788736104965209961e+00 -9.123999999999999888e-01
2.831763267517089844e+00 -9.123999999999999888e-01
2.887697219848632812e+00 -9.123999999999999888e-01
2.930726289749145508e+00 -9.129000000000000448e-01
2.987713098526000977e+00 -9.124999999999999778e-01
3.030740261077880859e+00 -9.122999999999999998e-01
3.086680173873901367e+00 -9.122999999999999998e-01
3.129670143127441406e+00 -9.122000000000000108e-01
3.186692237854003906e+00 -9.123999999999999888e-01
3.229663133621215820e+00 -9.122999999999999998e-01
3.286696195602416992e+00 -9.125999999999999668e-01
3.328653097152709961e+00 -9.126999999999999558e-01
3.385665178298950195e+00 -9.122999999999999998e-01
3.428642034530639648e+00 -9.125999999999999668e-01
3.485641241073608398e+00 -9.130000000000000338e-01
3.542705297470092773e+00 -9.119000000000000439e-01
3.584675073623657227e+00 -9.126999999999999558e-01
3.641662359237670898e+00 -9.122000000000000108e-01
3.684643030166625977e+00 -9.126999999999999558e-01
3.741651296615600586e+00 -9.123999999999999888e-01
3.783648967742919922e+00 -9.126999999999999558e-01
3.840633153915405273e+00 -9.125999999999999668e-01
3.883667230606079102e+00 -9.129000000000000448e-01
3.940636157989501953e+00 -9.123999999999999888e-01
3.982651233673095703e+00 -9.126999999999999558e-01
4.039673089981079102e+00 -9.124999999999999778e-01
4.082636117935180664e+00 -9.126999999999999558e-01
4.139640092849731445e+00 -9.122999999999999998e-01
4.182642221450805664e+00 -9.122999999999999998e-01
4.238551139831542969e+00 -9.123999999999999888e-01
4.281589984893798828e+00 -9.124999999999999778e-01
4.338650226593017578e+00 -9.122999999999999998e-01
4.395593166351318359e+00 -9.126999999999999558e-01
4.437553167343139648e+00 -9.125999999999999668e-01
4.494566202163696289e+00 -9.124999999999999778e-01
4.537699222564697266e+00 -9.123999999999999888e-01
4.594556331634521484e+00 -9.123999999999999888e-01
4.637534379959106445e+00 -9.130000000000000338e-01
4.693521261215209961e+00 -9.122999999999999998e-01
4.736506223678588867e+00 -9.125999999999999668e-01
4.793524265289306641e+00 -9.124999999999999778e-01
4.835558176040649414e+00 -9.124999999999999778e-01
4.893507242202758789e+00 -9.123999999999999888e-01
4.935486316680908203e+00 -9.122999999999999998e-01
4.992486238479614258e+00 -9.122000000000000108e-01
5.035539150238037109e+00 -9.127999999999999448e-01
5.091472148895263672e+00 -9.122999999999999998e-01
5.134467124938964844e+00 -9.122999999999999998e-01
5.191474199295043945e+00 -9.123999999999999888e-01
5.234465122222900391e+00 -9.127999999999999448e-01
5.291472196578979492e+00 -9.121000000000000218e-01
5.347538232803344727e+00 -9.124999999999999778e-01
5.390460252761840820e+00 -9.125999999999999668e-01
5.447463274002075195e+00 -9.127999999999999448e-01
5.490438222885131836e+00 -9.124999999999999778e-01
5.546479225158691406e+00 -9.125999999999999668e-01
5.589430093765258789e+00 -9.123999999999999888e-01
5.646434068679809570e+00 -9.126999999999999558e-01
5.689413070678710938e+00 -9.122999999999999998e-01
5.746408224105834961e+00 -9.125999999999999668e-01
5.788406133651733398e+00 -9.122000000000000108e-01
5.845420122146606445e+00 -9.121000000000000218e-01
5.888430118560791016e+00 -9.123999999999999888e-01
5.945387125015258789e+00 -9.126999999999999558e-01
5.987396240234375000e+00 -9.122999999999999998e-01
6.044414281845092773e+00 -9.122000000000000108e-01
6.087388277053833008e+00 -9.124999999999999778e-01
6.144364118576049805e+00 -9.126999999999999558e-01
6.187365293502807617e+00 -9.125999999999999668e-01
6.243390321731567383e+00 -9.122000000000000108e-01
6.300363063812255859e+00 -9.125999999999999668e-01
6.343336343765258789e+00 -9.121000000000000218e-01
6.400365114212036133e+00 -9.123999999999999888e-01
6.443330049514770508e+00 -9.124999999999999778e-01
6.499364137649536133e+00 -9.124999999999999778e-01
6.542343139648437500e+00 -9.122000000000000108e-01
6.599336147308349609e+00 -9.126999999999999558e-01
6.641325235366821289e+00 -9.119000000000000439e-01
6.698310136795043945e+00 -9.126999999999999558e-01
6.741298198699951172e+00 -9.125999999999999668e-01
6.798306226730346680e+00 -9.126999999999999558e-01
6.841278314590454102e+00 -9.124999999999999778e-01
6.897349119186401367e+00 -9.122999999999999998e-01
6.940360307693481445e+00 -9.122999999999999998e-01
6.997398138046264648e+00 -9.125999999999999668e-01
7.040321111679077148e+00 -9.120000000000000329e-01
7.097309350967407227e+00 -9.126999999999999558e-01
7.139269113540649414e+00 -9.122999999999999998e-01
7.196289062500000000e+00 -9.124999999999999778e-01
7.239269256591796875e+00 -9.122999999999999998e-01
7.296255350112915039e+00 -9.127999999999999448e-01
7.338243246078491211e+00 -9.124999999999999778e-01
7.395256042480468750e+00 -9.123999999999999888e-01
7.452248096466064453e+00 -9.123999999999999888e-01
7.495239257812500000e+00 -9.124999999999999778e-01
7.552299022674560547e+00 -9.120000000000000329e-01
7.594234228134155273e+00 -9.123999999999999888e-01
7.651241302490234375e+00 -9.125999999999999668e-01
7.694219112396240234e+00 -9.122999999999999998e-01
7.751338958740234375e+00 -9.122000000000000108e-01
7.793260097503662109e+00 -9.124999999999999778e-01
7.850243091583251953e+00 -9.124999999999999778e-01
7.893205165863037109e+00 -9.122999999999999998e-01
7.950216293334960938e+00 -9.126999999999999558e-01
7.992188215255737305e+00 -9.124999999999999778e-01
8.049249172210693359e+00 -9.125999999999999668e-01
8.092180967330932617e+00 -9.121000000000000218e-01
8.149173021316528320e+00 -9.126999999999999558e-01
8.192151069641113281e+00 -9.121000000000000218e-01
8.248161077499389648e+00 -9.124999999999999778e-01
8.305151224136352539e+00 -9.123999999999999888e-01
8.348167181015014648e+00 -9.126999999999999558e-01
8.405137300491333008e+00 -9.122000000000000108e-01
8.448162078857421875e+00 -9.126999999999999558e-01
8.504185199737548828e+00 -9.123999999999999888e-01
8.547157049179077148e+00 -9.124999999999999778e-01
8.604110240936279297e+00 -9.121000000000000218e-01
8.646128177642822266e+00 -9.122999999999999998e-01
8.703125000000000000e+00 -9.123999999999999888e-01
8.746103048324584961e+00 -9.123999999999999888e-01
8.803128242492675781e+00 -9.124999999999999778e-01
8.845108985900878906e+00 -9.126999999999999558e-01
8.903091192245483398e+00 -9.125999999999999668e-01
8.945064306259155273e+00 -9.125999999999999668e-01
9.002164363861083984e+00 -9.120000000000000329e-01
9.045148134231567383e+00 -9.124999999999999778e-01
9.101225376129150391e+00 -9.127999999999999448e-01
9.159307003021240234e+00 -9.122000000000000108e-01
9.201369047164916992e+00 -9.122000000000000108e-01
9.258404254913330078e+00 -9.123999999999999888e-01
9.301410198211669922e+00 -9.125999999999999668e-01
9.357418060302734375e+00 -9.124999999999999778e-01
9.400420188903808594e+00 -9.124999999999999778e-01
9.457396984100341797e+00 -9.122000000000000108e-01
9.500389099121093750e+00 -9.125999999999999668e-01
9.556380271911621094e+00 -9.123999999999999888e-01
9.599317073822021484e+00 -9.125999999999999668e-01
9.656401157379150391e+00 -9.122999999999999998e-01
9.699253082275390625e+00 -9.124999999999999778e-01
9.756272077560424805e+00 -9.121000000000000218e-01
9.798285007476806641e+00 -9.122999999999999998e-01
9.855367183685302734e+00 -9.122000000000000108e-01
9.898241996765136719e+00 -9.123999999999999888e-01
9.955353260040283203e+00 -9.121000000000000218e-01
1.001234412193298340e+01 -9.125999999999999668e-01
1.005412197113037109e+01 -9.122999999999999998e-01
1.011104106903076172e+01 -9.121000000000000218e-01
1.015397810935974121e+01 -9.122000000000000108e-01
1.021096611022949219e+01 -9.123999999999999888e-01
1.025408101081848145e+01 -9.122999999999999998e-01
1.030997920036315918e+01 -9.124999999999999778e-01
1.035303616523742676e+01 -9.124999999999999778e-01
1.040994095802307129e+01 -9.124999999999999778e-01
1.045199203491210938e+01 -9.123999999999999888e-01
1.051007008552551270e+01 -9.122999999999999998e-01
1.055194711685180664e+01 -9.124999999999999778e-01
1.060896420478820801e+01 -9.122000000000000108e-01
1.065191221237182617e+01 -9.124999999999999778e-01
1.070793819427490234e+01 -9.123999999999999888e-01
1.075092029571533203e+01 -9.130000000000000338e-01
1.080791020393371582e+01 -9.122999999999999998e-01
1.085095620155334473e+01 -9.122999999999999998e-01
1.090792417526245117e+01 -9.123999999999999888e-01
1.094989204406738281e+01 -9.126999999999999558e-01
1.100689315795898438e+01 -9.124999999999999778e-01
1.106391215324401855e+01 -9.125999999999999668e-01
1.110689115524291992e+01 -9.120000000000000329e-01
1.116297125816345215e+01 -9.122999999999999998e-01
1.120590519905090332e+01 -9.121000000000000218e-01
1.126286411285400391e+01 -9.122999999999999998e-01
1.130586314201354980e+01 -9.122999999999999998e-01
1.136286830902099609e+01 -9.122000000000000108e-01
1.140485310554504395e+01 -9.119000000000000439e-01
1.146183228492736816e+01 -9.123999999999999888e-01
1.150487923622131348e+01 -9.118000000000000549e-01
1.156185317039489746e+01 -9.122999999999999998e-01
1.160381793975830078e+01 -9.122999999999999998e-01
1.166080307960510254e+01 -9.123999999999999888e-01
1.170389032363891602e+01 -9.122000000000000108e-01
1.176081204414367676e+01 -9.125999999999999668e-01
1.180279326438903809e+01 -9.123999999999999888e-01
1.185981321334838867e+01 -9.122999999999999998e-01
1.190280222892761230e+01 -9.119000000000000439e-01
1.195978593826293945e+01 -9.122999999999999998e-01
1.200289106369018555e+01 -9.122000000000000108e-01
1.205883216857910156e+01 -9.121000000000000218e-01
1.210178303718566895e+01 -9.122000000000000108e-01
1.215881609916687012e+01 -9.123999999999999888e-01
1.220176815986633301e+01 -9.122000000000000108e-01
1.225774621963500977e+01 -9.121000000000000218e-01
1.231475830078125000e+01 -9.120000000000000329e-01
1.235776734352111816e+01 -9.120000000000000329e-01
1.241476035118103027e+01 -9.122000000000000108e-01
1.245774006843566895e+01 -9.120000000000000329e-01
1.251377916336059570e+01 -9.122000000000000108e-01
1.255672812461853027e+01 -9.120000000000000329e-01
1.261371803283691406e+01 -9.122999999999999998e-01
1.265571713447570801e+01 -9.120000000000000329e-01
1.271375417709350586e+01 -9.127999999999999448e-01
1.275570917129516602e+01 -9.122000000000000108e-01
1.281269717216491699e+01 -9.122000000000000108e-01
1.285570311546325684e+01 -9.121000000000000218e-01
1.291171026229858398e+01 -9.120000000000000329e-01
1.295475816726684570e+01 -9.120000000000000329e-01
1.301179003715515137e+01 -9.123999999999999888e-01
1.305471324920654297e+01 -9.120000000000000329e-01
1.311069512367248535e+01 -9.122000000000000108e-01
1.316870331764221191e+01 -9.121000000000000218e-01
1.321066713333129883e+01 -9.116999999999999549e-01
1.326765108108520508e+01 -9.119000000000000439e-01
1.331064009666442871e+01 -9.119000000000000439e-01
1.336665415763854980e+01 -9.122000000000000108e-01
1.340963029861450195e+01 -9.120000000000000329e-01
1.346663236618041992e+01 -9.118000000000000549e-01
1.350969600677490234e+01 -9.119000000000000439e-01
1.356665229797363281e+01 -9.118000000000000549e-01
1.360862207412719727e+01 -9.118000000000000549e-01
1.366560411453247070e+01 -9.118000000000000549e-01
1.370861124992370605e+01 -9.118000000000000549e-01
1.376561117172241211e+01 -9.120000000000000329e-01
1.380860018730163574e+01 -9.118000000000000549e-01
1.386458015441894531e+01 -9.122999999999999998e-01
1.392158913612365723e+01 -9.123999999999999888e-01
1.396458125114440918e+01 -9.122000000000000108e-01
1.402158522605895996e+01 -9.121000000000000218e-01
1.406456804275512695e+01 -9.122999999999999998e-01
1.412056922912597656e+01 -9.119000000000000439e-01
1.416364312171936035e+01 -9.123999999999999888e-01
1.422055411338806152e+01 -9.119000000000000439e-01
1.426255726814270020e+01 -9.122000000000000108e-01
1.431956815719604492e+01 -9.121000000000000218e-01
1.436254310607910156e+01 -9.120000000000000329e-01
1.441956710815429688e+01 -9.119000000000000439e-01
1.446153116226196289e+01 -9.122999999999999998e-01
1.451859712600708008e+01 -9.119000000000000439e-01
1.456154704093933105e+01 -9.123999999999999888e-01
1.461853909492492676e+01 -9.116999999999999549e-01
1.466151714324951172e+01 -9.122000000000000108e-01
1.471764707565307617e+01 -9.119000000000000439e-01
1.477455830574035645e+01 -9.122000000000000108e-01
1.481753110885620117e+01 -9.120000000000000329e-01
1.487452411651611328e+01 -9.118000000000000549e-01
1.491751503944396973e+01 -9.122000000000000108e-01
1.497453022003173828e+01 -9.121000000000000218e-01
1.501653814315795898e+01 -9.122000000000000108e-01
1.507358217239379883e+01 -9.122000000000000108e-01
1.511656427383422852e+01 -9.124999999999999778e-01
1.517250919342041016e+01 -9.123999999999999888e-01
1.521559500694274902e+01 -9.121000000000000218e-01
1.527252602577209473e+01 -9.121000000000000218e-01
1.531551408767700195e+01 -9.122000000000000108e-01
1.537253928184509277e+01 -9.116999999999999549e-01
1.541445016860961914e+01 -9.121000000000000218e-01
1.547142601013183594e+01 -9.122000000000000108e-01
1.551447319984436035e+01 -9.121000000000000218e-01
1.557147431373596191e+01 -9.121000000000000218e-01
1.561342835426330566e+01 -9.122999999999999998e-01
1.567040920257568359e+01 -9.119000000000000439e-01
1.572740411758422852e+01 -9.124999999999999778e-01
1.577041816711425781e+01 -9.118000000000000549e-01
1.582739710807800293e+01 -9.122000000000000108e-01
1.586939907073974609e+01 -9.119000000000000439e-01
1.592637729644775391e+01 -9.123999999999999888e-01
1.596939635276794434e+01 -9.122000000000000108e-01
1.602643299102783203e+01 -9.122999999999999998e-01
1.606838130950927734e+01 -9.120000000000000329e-01
1.612538123130798340e+01 -9.122999999999999998e-01
1.616837811470031738e+01 -9.121000000000000218e-01
1.622534513473510742e+01 -9.122999999999999998e-01
1.626834321022033691e+01 -9.121000000000000218e-01
1.632433199882507324e+01 -9.119000000000000439e-01
1.636734914779663086e+01 -9.121000000000000218e-01
1.642433118820190430e+01 -9.120000000000000329e-01
1.648134517669677734e+01 -9.119000000000000439e-01
1.652334737777709961e+01 -9.118000000000000549e-01
1.658034205436706543e+01 -9.119000000000000439e-01
1.662332415580749512e+01 -9.123999999999999888e-01
1.668030214309692383e+01 -9.122000000000000108e-01
1.672331428527832031e+01 -9.122000000000000108e-01
1.677931213378906250e+01 -9.122999999999999998e-01
1.682229304313659668e+01 -9.119000000000000439e-01
1.687934517860412598e+01 -9.122000000000000108e-01
1.692228507995605469e+01 -9.122000000000000108e-01
1.697931814193725586e+01 -9.123999999999999888e-01
1.702133131027221680e+01 -9.121000000000000218e-01
1.707826304435729980e+01 -9.121000000000000218e-01
1.712125802040100098e+01 -9.121000000000000218e-01
1.717831134796142578e+01 -9.123999999999999888e-01
1.722028326988220215e+01 -9.121000000000000218e-01
1.727723908424377441e+01 -9.123999999999999888e-01
1.732022929191589355e+01 -9.118000000000000549e-01
1.737724709510803223e+01 -9.124999999999999778e-01
1.741924500465393066e+01 -9.121000000000000218e-01
1.747622513771057129e+01 -9.122000000000000108e-01
1.751924610137939453e+01 -9.120000000000000329e-01
1.757625126838684082e+01 -9.122000000000000108e-01
1.763322019577026367e+01 -9.120000000000000329e-01
1.767520308494567871e+01 -9.124999999999999778e-01
1.773221397399902344e+01 -9.121000000000000218e-01
1.777519631385803223e+01 -9.120000000000000329e-01
1.783220624923706055e+01 -9.123999999999999888e-01
1.787417912483215332e+01 -9.123999999999999888e-01
1.793119215965270996e+01 -9.124999999999999778e-01
1.797418904304504395e+01 -9.122000000000000108e-01
1.803127598762512207e+01 -9.123999999999999888e-01
1.807321524620056152e+01 -9.120000000000000329e-01
1.813018417358398438e+01 -9.124999999999999778e-01
1.817315816879272461e+01 -9.121000000000000218e-01
1.823019003868103027e+01 -9.122999999999999998e-01
1.827316117286682129e+01 -9.121000000000000218e-01
1.832913732528686523e+01 -9.124999999999999778e-01
1.837213802337646484e+01 -9.122999999999999998e-01
1.842914104461669922e+01 -9.122999999999999998e-01
1.847211623191833496e+01 -9.121000000000000218e-01
1.852915024757385254e+01 -9.126999999999999558e-01
1.858511996269226074e+01 -9.123999999999999888e-01
1.862811017036437988e+01 -9.123999999999999888e-01
1.868509793281555176e+01 -9.121000000000000218e-01
1.872809314727783203e+01 -9.123999999999999888e-01
1.878508615493774414e+01 -9.121000000000000218e-01
1.882710909843444824e+01 -9.124999999999999778e-01
1.888409018516540527e+01 -9.122000000000000108e-01
1.892710399627685547e+01 -9.124999999999999778e-01
1.898310804367065430e+01 -9.122999999999999998e-01
1.902626729011535645e+01 -9.124999999999999778e-01
1.908342909812927246e+01 -9.120000000000000329e-01
1.912644195556640625e+01 -9.126999999999999558e-01
1.918344616889953613e+01 -9.123999999999999888e-01
1.923936820030212402e+01 -9.122999999999999998e-01
1.928244519233703613e+01 -9.123999999999999888e-01
1.933937311172485352e+01 -9.121000000000000218e-01
1.938240718841552734e+01 -9.122000000000000108e-01
1.943839406967163086e+01 -9.123999999999999888e-01
1.948118305206298828e+01 -9.124999999999999778e-01
1.953826928138732910e+01 -9.125999999999999668e-01
1.958135509490966797e+01 -9.123999999999999888e-01
1.963823413848876953e+01 -9.121000000000000218e-01
1.968035507202148438e+01 -9.122000000000000108e-01
1.973731923103332520e+01 -9.122999999999999998e-01
1.978025317192077637e+01 -9.124999999999999778e-01
1.983730196952819824e+01 -9.122999999999999998e-01
1.987928009033203125e+01 -9.122999999999999998e-01
1.993635106086730957e+01 -9.119000000000000439e-01
1.999330925941467285e+01 -9.125999999999999668e-01
2.003618717193603516e+01 -9.123999999999999888e-01
2.009305596351623535e+01 -9.126999999999999558e-01
2.013502120971679688e+01 -9.122999999999999998e-01
2.019197797775268555e+01 -9.126999999999999558e-01
2.023504734039306641e+01 -9.125999999999999668e-01
2.029198622703552246e+01 -9.124999999999999778e-01
2.033399915695190430e+01 -9.124999999999999778e-01
2.039095497131347656e+01 -9.125999999999999668e-01
2.043395924568176270e+01 -9.123999999999999888e-01
2.049094223976135254e+01 -9.123999999999999888e-01
2.053406620025634766e+01 -9.124999999999999778e-01
2.059012413024902344e+01 -9.126999999999999558e-01
2.063314628601074219e+01 -9.125999999999999668e-01
2.069008302688598633e+01 -9.125999999999999668e-01
2.073305010795593262e+01 -9.123999999999999888e-01
2.078905916213989258e+01 -9.125999999999999668e-01
2.084609723091125488e+01 -9.125999999999999668e-01
2.088905119895935059e+01 -9.123999999999999888e-01
2.094607996940612793e+01 -9.123999999999999888e-01
2.098902416229248047e+01 -9.122999999999999998e-01
2.104504513740539551e+01 -9.125999999999999668e-01
2.108803105354309082e+01 -9.122999999999999998e-01
2.114500403404235840e+01 -9.125999999999999668e-01
2.118802618980407715e+01 -9.124999999999999778e-01
2.124500608444213867e+01 -9.129000000000000448e-01
2.128700900077819824e+01 -9.127999999999999448e-01
2.134398221969604492e+01 -9.130000000000000338e-01
2.138692116737365723e+01 -9.123999999999999888e-01
2.144386410713195801e+01 -9.127999999999999448e-01
2.149985218048095703e+01 -9.126999999999999558e-01
2.154282212257385254e+01 -9.125999999999999668e-01
2.159991025924682617e+01 -9.124999999999999778e-01
2.164186024665832520e+01 -9.127999999999999448e-01
2.169980692863464355e+01 -9.125999999999999668e-01
2.174179625511169434e+01 -9.125999999999999668e-01
2.179882216453552246e+01 -9.129000000000000448e-01
2.184182500839233398e+01 -9.129000000000000448e-01
2.189880323410034180e+01 -9.124999999999999778e-01
2.194078612327575684e+01 -9.126999999999999558e-01
2.199779725074768066e+01 -9.130000000000000338e-01
2.204079818725585938e+01 -9.130000000000000338e-01
2.209777116775512695e+01 -9.125999999999999668e-01
2.213975906372070312e+01 -9.125999999999999668e-01
2.219674801826477051e+01 -9.126999999999999558e-01
2.223973822593688965e+01 -9.124999999999999778e-01
2.229674601554870605e+01 -9.126999999999999558e-01
2.233976221084594727e+01 -9.124999999999999778e-01
2.239578604698181152e+01 -9.127999999999999448e-01
2.243873715400695801e+01 -9.125999999999999668e-01
2.249580001831054688e+01 -9.132000000000000117e-01
2.255281114578247070e+01 -9.125999999999999668e-01
2.259575223922729492e+01 -9.127999999999999448e-01
2.265172624588012695e+01 -9.127999999999999448e-01
2.269473409652709961e+01 -9.130000000000000338e-01
2.275170516967773438e+01 -9.129000000000000448e-01
2.279369115829467773e+01 -9.129000000000000448e-01
2.285069108009338379e+01 -9.124999999999999778e-01
2.289376997947692871e+01 -9.131000000000000227e-01
2.295069527626037598e+01 -9.126999999999999558e-01
2.299268412590026855e+01 -9.131000000000000227e-01
2.304968810081481934e+01 -9.129000000000000448e-01
2.309271812438964844e+01 -9.129000000000000448e-01
2.314965295791625977e+01 -9.122000000000000108e-01
2.319268512725830078e+01 -9.129000000000000448e-01
2.324866819381713867e+01 -9.125999999999999668e-01
2.330565929412841797e+01 -9.130000000000000338e-01
2.334864616394042969e+01 -9.126999999999999558e-01
2.340562725067138672e+01 -9.133000000000000007e-01
2.344863009452819824e+01 -9.130000000000000338e-01
2.350469398498535156e+01 -9.131000000000000227e-01
2.354763698577880859e+01 -9.127999999999999448e-01
2.360461020469665527e+01 -9.130000000000000338e-01
2.364765119552612305e+01 -9.131000000000000227e-01
2.370462822914123535e+01 -9.130000000000000338e-01
2.374662518501281738e+01 -9.133999999999999897e-01
2.380357718467712402e+01 -9.132000000000000117e-01
2.384659314155578613e+01 -9.131000000000000227e-01
2.390359020233154297e+01 -9.131000000000000227e-01
2.394559121131896973e+01 -9.134999999999999787e-01
2.400259017944335938e+01 -9.133000000000000007e-01
2.404558420181274414e+01 -9.133999999999999897e-01
2.410262227058410645e+01 -9.133999999999999897e-01
2.415958619117736816e+01 -9.135999999999999677e-01
2.420156431198120117e+01 -9.135999999999999677e-01
2.425856113433837891e+01 -9.136999999999999567e-01
2.430155420303344727e+01 -9.133000000000000007e-01
2.435855722427368164e+01 -9.134999999999999787e-01
2.440053415298461914e+01 -9.130000000000000338e-01
2.445771622657775879e+01 -9.133000000000000007e-01
2.450059318542480469e+01 -9.131000000000000227e-01
2.455755639076232910e+01 -9.133999999999999897e-01
2.459950828552246094e+01 -9.131000000000000227e-01
2.465652203559875488e+01 -9.131000000000000227e-01
2.469952106475830078e+01 -9.135999999999999677e-01
2.475652313232421875e+01 -9.133999999999999897e-01
2.479950118064880371e+01 -9.133000000000000007e-01
2.485548520088195801e+01 -9.130000000000000338e-01
2.489851617813110352e+01 -9.124999999999999778e-01
2.495547699928283691e+01 -9.133000000000000007e-01
2.499848818778991699e+01 -9.126999999999999558e-01
2.505448126792907715e+01 -9.133000000000000007e-01
2.509750509262084961e+01 -9.130000000000000338e-01
2.515451812744140625e+01 -9.132000000000000117e-01
2.519748830795288086e+01 -9.130000000000000338e-01
2.525458407402038574e+01 -9.132000000000000117e-01
2.531054520606994629e+01 -9.130000000000000338e-01
2.535350298881530762e+01 -9.130000000000000338e-01
2.541044521331787109e+01 -9.130000000000000338e-01
2.545344209671020508e+01 -9.126999999999999558e-01
2.551046013832092285e+01 -9.132000000000000117e-01
2.555244016647338867e+01 -9.132000000000000117e-01
2.560945415496826172e+01 -9.135999999999999677e-01
2.565240025520324707e+01 -9.133000000000000007e-01
2.570941019058227539e+01 -9.133000000000000007e-01
2.575139808654785156e+01 -9.133000000000000007e-01
2.580839133262634277e+01 -9.133999999999999897e-01
2.585139298439025879e+01 -9.131000000000000227e-01
2.590839409828186035e+01 -9.139000000000000457e-01
2.595042204856872559e+01 -9.136999999999999567e-01
2.600743603706359863e+01 -9.141000000000000236e-01
2.605043315887451172e+01 -9.136999999999999567e-01
2.610744023323059082e+01 -9.139000000000000457e-01
2.616441607475280762e+01 -9.137999999999999456e-01
2.620639014244079590e+01 -9.143000000000000016e-01
2.626339030265808105e+01 -9.140000000000000346e-01
2.630641412734985352e+01 -9.143999999999999906e-01
2.636342310905456543e+01 -9.143000000000000016e-01
2.640541720390319824e+01 -9.146999999999999575e-01
2.646238827705383301e+01 -9.146999999999999575e-01
2.650532031059265137e+01 -9.146999999999999575e-01
2.656236624717712402e+01 -9.147999999999999465e-01
2.660432720184326172e+01 -9.151000000000000245e-01
2.666132616996765137e+01 -9.151000000000000245e-01
2.670430016517639160e+01 -9.151000000000000245e-01
2.676130723953247070e+01 -9.151000000000000245e-01
2.680329227447509766e+01 -9.153999999999999915e-01
2.686030411720275879e+01 -9.155999999999999694e-01
2.690327620506286621e+01 -9.157999999999999474e-01
2.696029615402221680e+01 -9.166999999999999593e-01
2.701733016967773438e+01 -9.162000000000000144e-01
2.705927014350891113e+01 -9.166999999999999593e-01
2.711626219749450684e+01 -9.167999999999999483e-01
2.715929698944091797e+01 -9.165999999999999703e-01
2.721624326705932617e+01 -9.163000000000000034e-01
2.725925016403198242e+01 -9.165999999999999703e-01
2.731522202491760254e+01 -9.161000000000000254e-01
2.735824513435363770e+01 -9.160000000000000364e-01
2.741522097587585449e+01 -9.155999999999999694e-01
2.745823216438293457e+01 -9.154999999999999805e-01
2.751428508758544922e+01 -9.149000000000000465e-01
2.755725312232971191e+01 -9.151000000000000245e-01
2.761421227455139160e+01 -9.143000000000000016e-01
2.765719509124755859e+01 -9.149000000000000465e-01
2.771419620513916016e+01 -9.143999999999999906e-01
2.777021813392639160e+01 -9.143999999999999906e-01
2.781319403648376465e+01 -9.142000000000000126e-01
2.787020516395568848e+01 -9.139000000000000457e-01
2.791317415237426758e+01 -9.141000000000000236e-01
2.797018432617187500e+01 -9.142000000000000126e-01
2.801225709915161133e+01 -9.142000000000000126e-01
2.806916618347167969e+01 -9.139000000000000457e-01
2.811215305328369141e+01 -9.137999999999999456e-01
2.816918015480041504e+01 -9.136999999999999567e-01
2.821115326881408691e+01 -9.139000000000000457e-01
2.826814723014831543e+01 -9.139000000000000457e-01
2.831112599372863770e+01 -9.136999999999999567e-01
2.836813521385192871e+01 -9.137999999999999456e-01
2.841011404991149902e+01 -9.141000000000000236e-01
2.846711230278015137e+01 -9.133000000000000007e-01
2.851013612747192383e+01 -9.135999999999999677e-01
2.856713128089904785e+01 -9.133000000000000007e-01
2.860909795761108398e+01 -9.137999999999999456e-01
2.866607999801635742e+01 -9.130000000000000338e-01
2.870908999443054199e+01 -9.135999999999999677e-01
2.876611518859863281e+01 -9.131000000000000227e-01
2.880908727645874023e+01 -9.132000000000000117e-01
2.886508631706237793e+01 -9.132000000000000117e-01
2.890808439254760742e+01 -9.134999999999999787e-01
2.896506810188293457e+01 -9.132000000000000117e-01
2.902209210395812988e+01 -9.135999999999999677e-01
2.906522536277770996e+01 -9.130000000000000338e-01
2.912113404273986816e+01 -9.134999999999999787e-01
2.916416716575622559e+01 -9.133000000000000007e-01
2.922129416465759277e+01 -9.132000000000000117e-01
2.926434421539306641e+01 -9.130000000000000338e-01
2.932035303115844727e+01 -9.133999999999999897e-01
2.936340808868408203e+01 -9.131000000000000227e-01
2.942034721374511719e+01 -9.133000000000000007e-01
2.946334004402160645e+01 -9.131000000000000227e-01
2.952045416831970215e+01 -9.132000000000000117e-01
2.956229519844055176e+01 -9.134999999999999787e-01
2.961943507194519043e+01 -9.131000000000000227e-01
2.966230607032775879e+01 -9.131000000000000227e-01
2.971944499015808105e+01 -9.132000000000000117e-01
2.976138710975646973e+01 -9.133999999999999897e-01
2.981842708587646484e+01 -9.132000000000000117e-01
2.987529110908508301e+01 -9.130000000000000338e-01
2.991822838783264160e+01 -9.130000000000000338e-01
2.997535419464111328e+01 -9.132000000000000117e-01
