# ./Data/BW2025-02-07_16:12:49sky
# Duration (in s): 30
# Pointing Position of the Horn: Sky
# Angle pointing (from horizontal perpendicular to supporting axis): 48.70
# Angle pointing (from horizontal parallel to supporting axis): 140
# Calibrator used: NO
# Temperature Outside (in celcius): 25.4
# Temperature of the calibrator (in celcius): Low
# Weather: very clear
# Units: Volts
2.884864807128906250e-05 -3.421000000000000152e-01
6.733107566833496094e-02 -3.422999999999999932e-01
1.092469692230224609e-01 -3.421000000000000152e-01
1.663720607757568359e-01 -3.422000000000000042e-01
2.094919681549072266e-01 -3.422000000000000042e-01
2.664990425109863281e-01 -3.422999999999999932e-01
3.085010051727294922e-01 -3.422000000000000042e-01
3.654930591583251953e-01 -3.423999999999999821e-01
4.084279537200927734e-01 -3.421000000000000152e-01
4.655239582061767578e-01 -3.422000000000000042e-01
5.073988437652587891e-01 -3.421000000000000152e-01
5.645120143890380859e-01 -3.421000000000000152e-01
6.214570999145507812e-01 -3.425000000000000266e-01
6.643838882446289062e-01 -3.421000000000000152e-01
7.215111255645751953e-01 -3.422999999999999932e-01
7.634501457214355469e-01 -3.420000000000000262e-01
8.204641342163085938e-01 -3.422999999999999932e-01
8.633389472961425781e-01 -3.421000000000000152e-01
9.204790592193603516e-01 -3.423999999999999821e-01
9.633340835571289062e-01 -3.421000000000000152e-01
1.019274950027465820e+00 -3.425000000000000266e-01
1.062074184417724609e+00 -3.420000000000000262e-01
1.119024038314819336e+00 -3.422999999999999932e-01
1.162163019180297852e+00 -3.421000000000000152e-01
1.218074083328247070e+00 -3.423999999999999821e-01
1.261118888854980469e+00 -3.422000000000000042e-01
1.318023920059204102e+00 -3.423999999999999821e-01
1.361030101776123047e+00 -3.421000000000000152e-01
1.417009115219116211e+00 -3.422999999999999932e-01
1.474068880081176758e+00 -3.422000000000000042e-01
1.516990900039672852e+00 -3.422999999999999932e-01
1.574032068252563477e+00 -3.420000000000000262e-01
1.617012023925781250e+00 -3.422000000000000042e-01
1.673047065734863281e+00 -3.422000000000000042e-01
1.715984106063842773e+00 -3.420000000000000262e-01
1.772967815399169922e+00 -3.422000000000000042e-01
1.816049098968505859e+00 -3.422000000000000042e-01
1.872978925704956055e+00 -3.421000000000000152e-01
1.914954900741577148e+00 -3.421000000000000152e-01
1.971945047378540039e+00 -3.422999999999999932e-01
2.014975070953369141e+00 -3.421000000000000152e-01
2.071975946426391602e+00 -3.421000000000000152e-01
2.113951921463012695e+00 -3.420000000000000262e-01
2.170989990234375000e+00 -3.422000000000000042e-01
2.214001178741455078e+00 -3.418999999999999817e-01
2.270935058593750000e+00 -3.422999999999999932e-01
2.312924861907958984e+00 -3.420000000000000262e-01
2.369992971420288086e+00 -3.422000000000000042e-01
2.412915945053100586e+00 -3.420000000000000262e-01
2.469940900802612305e+00 -3.422999999999999932e-01
2.526904106140136719e+00 -3.418999999999999817e-01
2.568900108337402344e+00 -3.422000000000000042e-01
2.625941038131713867e+00 -3.420000000000000262e-01
2.668924808502197266e+00 -3.422999999999999932e-01
2.725913047790527344e+00 -3.420000000000000262e-01
2.767869949340820312e+00 -3.421000000000000152e-01
2.824856042861938477e+00 -3.420000000000000262e-01
2.867893934249877930e+00 -3.422000000000000042e-01
2.924854040145874023e+00 -3.422000000000000042e-01
2.967842102050781250e+00 -3.421000000000000152e-01
3.023849010467529297e+00 -3.421000000000000152e-01
3.066834926605224609e+00 -3.422000000000000042e-01
3.123856067657470703e+00 -3.421000000000000152e-01
3.166827917098999023e+00 -3.421000000000000152e-01
3.223806858062744141e+00 -3.422000000000000042e-01
3.265836000442504883e+00 -3.420000000000000262e-01
3.322859048843383789e+00 -3.422000000000000042e-01
3.379815816879272461e+00 -3.421000000000000152e-01
3.422806978225708008e+00 -3.422999999999999932e-01
3.478805065155029297e+00 -3.422000000000000042e-01
3.521798849105834961e+00 -3.422999999999999932e-01
3.578797101974487305e+00 -3.420000000000000262e-01
3.621790885925292969e+00 -3.422999999999999932e-01
3.678848981857299805e+00 -3.420000000000000262e-01
3.720799922943115234e+00 -3.422999999999999932e-01
3.777757883071899414e+00 -3.421000000000000152e-01
3.820751190185546875e+00 -3.422000000000000042e-01
3.877774000167846680e+00 -3.420000000000000262e-01
3.919760227203369141e+00 -3.425000000000000266e-01
3.976730108261108398e+00 -3.422000000000000042e-01
4.019736051559448242e+00 -3.422999999999999932e-01
4.076749086380004883e+00 -3.421000000000000152e-01
4.118741989135742188e+00 -3.422999999999999932e-01
4.175726175308227539e+00 -3.421000000000000152e-01
4.218744039535522461e+00 -3.422999999999999932e-01
4.275756120681762695e+00 -3.421000000000000152e-01
4.318727970123291016e+00 -3.422000000000000042e-01
4.374705076217651367e+00 -3.422000000000000042e-01
4.417692899703979492e+00 -3.422000000000000042e-01
4.474702119827270508e+00 -3.422000000000000042e-01
4.531708240509033203e+00 -3.422000000000000042e-01
4.574676036834716797e+00 -3.422000000000000042e-01
4.630686998367309570e+00 -3.421000000000000152e-01
4.673681259155273438e+00 -3.423999999999999821e-01
4.730662107467651367e+00 -3.422000000000000042e-01
4.772670984268188477e+00 -3.422999999999999932e-01
4.829667091369628906e+00 -3.420000000000000262e-01
4.872658014297485352e+00 -3.422999999999999932e-01
4.929648160934448242e+00 -3.421000000000000152e-01
4.971637010574340820e+00 -3.423999999999999821e-01
5.028667211532592773e+00 -3.420000000000000262e-01
5.071640014648437500e+00 -3.425000000000000266e-01
5.128710985183715820e+00 -3.421000000000000152e-01
5.171654224395751953e+00 -3.423999999999999821e-01
5.227632045745849609e+00 -3.420000000000000262e-01
5.270637035369873047e+00 -3.423999999999999821e-01
5.327647924423217773e+00 -3.420000000000000262e-01
5.370634078979492188e+00 -3.422000000000000042e-01
5.427631139755249023e+00 -3.422000000000000042e-01
5.483680963516235352e+00 -3.422999999999999932e-01
5.526641845703125000e+00 -3.421000000000000152e-01
5.583629131317138672e+00 -3.422999999999999932e-01
5.626677036285400391e+00 -3.422000000000000042e-01
5.682667016983032227e+00 -3.423999999999999821e-01
5.725654125213623047e+00 -3.422999999999999932e-01
5.782554149627685547e+00 -3.422999999999999932e-01
5.825564861297607422e+00 -3.422000000000000042e-01
5.882601976394653320e+00 -3.422000000000000042e-01
5.924549102783203125e+00 -3.422999999999999932e-01
5.981659173965454102e+00 -3.422000000000000042e-01
6.024694919586181641e+00 -3.423999999999999821e-01
6.081525087356567383e+00 -3.422000000000000042e-01
6.124497890472412109e+00 -3.422999999999999932e-01
6.180674076080322266e+00 -3.421000000000000152e-01
6.223520994186401367e+00 -3.423999999999999821e-01
6.280508041381835938e+00 -3.422000000000000042e-01
6.322512149810791016e+00 -3.423999999999999821e-01
6.380505084991455078e+00 -3.421000000000000152e-01
6.436504125595092773e+00 -3.423999999999999821e-01
6.479482173919677734e+00 -3.420000000000000262e-01
6.536506175994873047e+00 -3.422999999999999932e-01
6.578470230102539062e+00 -3.420000000000000262e-01
6.635498046875000000e+00 -3.423999999999999821e-01
6.678465127944946289e+00 -3.420000000000000262e-01
6.735500097274780273e+00 -3.422999999999999932e-01
6.778467178344726562e+00 -3.421000000000000152e-01
6.834444999694824219e+00 -3.422999999999999932e-01
6.877432107925415039e+00 -3.421000000000000152e-01
6.934435129165649414e+00 -3.422999999999999932e-01
6.977425813674926758e+00 -3.421000000000000152e-01
7.033416986465454102e+00 -3.422000000000000042e-01
7.076415061950683594e+00 -3.422000000000000042e-01
7.133471965789794922e+00 -3.422000000000000042e-01
7.176425933837890625e+00 -3.420000000000000262e-01
7.233425140380859375e+00 -3.420000000000000262e-01
7.289397001266479492e+00 -3.422999999999999932e-01
7.332437992095947266e+00 -3.420000000000000262e-01
7.389415264129638672e+00 -3.423999999999999821e-01
7.432377099990844727e+00 -3.421000000000000152e-01
7.489380121231079102e+00 -3.423999999999999821e-01
7.531356811523437500e+00 -3.420000000000000262e-01
7.588393926620483398e+00 -3.422000000000000042e-01
7.631372928619384766e+00 -3.421000000000000152e-01
7.688352108001708984e+00 -3.423999999999999821e-01
7.730374813079833984e+00 -3.420000000000000262e-01
7.787358999252319336e+00 -3.422999999999999932e-01
7.830322980880737305e+00 -3.420000000000000262e-01
7.887351036071777344e+00 -3.425000000000000266e-01
7.929339170455932617e+00 -3.420000000000000262e-01
7.986335039138793945e+00 -3.422999999999999932e-01
8.029309988021850586e+00 -3.422000000000000042e-01
8.086345911026000977e+00 -3.422999999999999932e-01
8.143343210220336914e+00 -3.422000000000000042e-01
8.185330867767333984e+00 -3.422999999999999932e-01
8.242315053939819336e+00 -3.421000000000000152e-01
8.285313129425048828e+00 -3.422000000000000042e-01
8.342293024063110352e+00 -3.421000000000000152e-01
8.384288072586059570e+00 -3.422000000000000042e-01
8.441268920898437500e+00 -3.422000000000000042e-01
8.484263181686401367e+00 -3.421000000000000152e-01
8.541280984878540039e+00 -3.422999999999999932e-01
8.583255052566528320e+00 -3.422000000000000042e-01
8.640290975570678711e+00 -3.422000000000000042e-01
8.683254957199096680e+00 -3.421000000000000152e-01
8.740261077880859375e+00 -3.422999999999999932e-01
8.783263921737670898e+00 -3.420000000000000262e-01
8.839236021041870117e+00 -3.422999999999999932e-01
8.882293939590454102e+00 -3.420000000000000262e-01
8.939270973205566406e+00 -3.422000000000000042e-01
8.982259035110473633e+00 -3.421000000000000152e-01
9.039222955703735352e+00 -3.423999999999999821e-01
9.095203161239624023e+00 -3.422000000000000042e-01
9.138233184814453125e+00 -3.425000000000000266e-01
9.195210933685302734e+00 -3.421000000000000152e-01
9.237210035324096680e+00 -3.425000000000000266e-01
9.295188903808593750e+00 -3.420000000000000262e-01
9.337184906005859375e+00 -3.422999999999999932e-01
9.394199132919311523e+00 -3.422000000000000042e-01
9.437182903289794922e+00 -3.422000000000000042e-01
9.493168115615844727e+00 -3.421000000000000152e-01
9.536145210266113281e+00 -3.421000000000000152e-01
9.593163967132568359e+00 -3.422000000000000042e-01
9.636370897293090820e+00 -3.422999999999999932e-01
9.693366050720214844e+00 -3.422000000000000042e-01
9.735223054885864258e+00 -3.422999999999999932e-01
9.792191982269287109e+00 -3.420000000000000262e-01
9.835145950317382812e+00 -3.422000000000000042e-01
9.892123222351074219e+00 -3.421000000000000152e-01
9.934119224548339844e+00 -3.421000000000000152e-01
9.991235971450805664e+00 -3.422000000000000042e-01
1.004849886894226074e+01 -3.421000000000000152e-01
1.009137511253356934e+01 -3.422999999999999932e-01
1.014844894409179688e+01 -3.421000000000000152e-01
1.019048023223876953e+01 -3.422999999999999932e-01
1.024746704101562500e+01 -3.422999999999999932e-01
1.029047799110412598e+01 -3.422999999999999932e-01
1.034747505187988281e+01 -3.422000000000000042e-01
1.038946604728698730e+01 -3.425000000000000266e-01
1.044648385047912598e+01 -3.422000000000000042e-01
1.048934817314147949e+01 -3.423999999999999821e-01
1.054640102386474609e+01 -3.420000000000000262e-01
1.058822202682495117e+01 -3.422999999999999932e-01
1.064535593986511230e+01 -3.421000000000000152e-01
1.068833708763122559e+01 -3.423999999999999821e-01
1.074533915519714355e+01 -3.420000000000000262e-01
1.080244612693786621e+01 -3.422000000000000042e-01
1.084432506561279297e+01 -3.422000000000000042e-01
1.090146803855895996e+01 -3.421000000000000152e-01
1.094427323341369629e+01 -3.422999999999999932e-01
1.100110507011413574e+01 -3.422000000000000042e-01
1.104405713081359863e+01 -3.422999999999999932e-01
1.110001516342163086e+01 -3.421000000000000152e-01
1.114299321174621582e+01 -3.422000000000000042e-01
1.120009303092956543e+01 -3.421000000000000152e-01
1.124301099777221680e+01 -3.422999999999999932e-01
1.129903626441955566e+01 -3.422999999999999932e-01
1.134197187423706055e+01 -3.423999999999999821e-01
1.139898395538330078e+01 -3.422000000000000042e-01
1.144198298454284668e+01 -3.422999999999999932e-01
1.149899315834045410e+01 -3.420000000000000262e-01
1.155496287345886230e+01 -3.422999999999999932e-01
1.159794092178344727e+01 -3.421000000000000152e-01
1.165499305725097656e+01 -3.423999999999999821e-01
1.169793105125427246e+01 -3.418999999999999817e-01
1.175493001937866211e+01 -3.422000000000000042e-01
1.179700088500976562e+01 -3.420000000000000262e-01
1.185412001609802246e+01 -3.422999999999999932e-01
1.189696097373962402e+01 -3.421000000000000152e-01
1.195391798019409180e+01 -3.423999999999999821e-01
1.199591302871704102e+01 -3.421000000000000152e-01
1.205296301841735840e+01 -3.425000000000000266e-01
1.209588503837585449e+01 -3.421000000000000152e-01
1.215294003486633301e+01 -3.422999999999999932e-01
1.219489407539367676e+01 -3.420000000000000262e-01
1.225194907188415527e+01 -3.422999999999999932e-01
1.229488301277160645e+01 -3.422000000000000042e-01
1.235186719894409180e+01 -3.421000000000000152e-01
1.240889215469360352e+01 -3.421000000000000152e-01
1.245086908340454102e+01 -3.421000000000000152e-01
1.250785708427429199e+01 -3.422999999999999932e-01
1.255085897445678711e+01 -3.421000000000000152e-01
1.260785984992980957e+01 -3.422999999999999932e-01
1.264993309974670410e+01 -3.421000000000000152e-01
1.270683598518371582e+01 -3.422000000000000042e-01
1.274981808662414551e+01 -3.421000000000000152e-01
1.280681896209716797e+01 -3.422000000000000042e-01
1.284982299804687500e+01 -3.421000000000000152e-01
1.290580391883850098e+01 -3.422000000000000042e-01
1.294883203506469727e+01 -3.420000000000000262e-01
1.300582003593444824e+01 -3.425000000000000266e-01
1.304780793190002441e+01 -3.421000000000000152e-01
1.310578513145446777e+01 -3.425000000000000266e-01
1.314780211448669434e+01 -3.421000000000000152e-01
1.320481896400451660e+01 -3.422999999999999932e-01
1.326179599761962891e+01 -3.420000000000000262e-01
1.330379700660705566e+01 -3.422999999999999932e-01
1.336077404022216797e+01 -3.422000000000000042e-01
1.340375804901123047e+01 -3.422000000000000042e-01
1.346075701713562012e+01 -3.421000000000000152e-01
1.350273203849792480e+01 -3.421000000000000152e-01
1.355973100662231445e+01 -3.421000000000000152e-01
1.360273098945617676e+01 -3.422000000000000042e-01
1.365978121757507324e+01 -3.422000000000000042e-01
1.370272898674011230e+01 -3.422000000000000042e-01
1.375971603393554688e+01 -3.421000000000000152e-01
1.380173683166503906e+01 -3.421000000000000152e-01
1.385871100425720215e+01 -3.420000000000000262e-01
1.390169119834899902e+01 -3.422000000000000042e-01
1.395868897438049316e+01 -3.421000000000000152e-01
1.400069403648376465e+01 -3.422000000000000042e-01
1.405771398544311523e+01 -3.422999999999999932e-01
1.410069704055786133e+01 -3.422000000000000042e-01
1.415776681900024414e+01 -3.422999999999999932e-01
1.419968700408935547e+01 -3.421000000000000152e-01
1.425666999816894531e+01 -3.422000000000000042e-01
1.429965901374816895e+01 -3.420000000000000262e-01
1.435665893554687500e+01 -3.423999999999999821e-01
1.441364908218383789e+01 -3.418999999999999817e-01
1.445564484596252441e+01 -3.423999999999999821e-01
1.451263785362243652e+01 -3.418999999999999817e-01
1.455563902854919434e+01 -3.422999999999999932e-01
1.461265611648559570e+01 -3.420000000000000262e-01
1.465566301345825195e+01 -3.422000000000000042e-01
1.471167802810668945e+01 -3.422000000000000042e-01
1.475463294982910156e+01 -3.422999999999999932e-01
1.481160497665405273e+01 -3.421000000000000152e-01
1.485362887382507324e+01 -3.422000000000000042e-01
1.491171717643737793e+01 -3.421000000000000152e-01
1.495364904403686523e+01 -3.422000000000000042e-01
1.501069688796997070e+01 -3.421000000000000152e-01
1.505365085601806641e+01 -3.421000000000000152e-01
1.510964989662170410e+01 -3.422000000000000042e-01
1.515268802642822266e+01 -3.422000000000000042e-01
1.520963311195373535e+01 -3.422000000000000042e-01
1.526664400100708008e+01 -3.422000000000000042e-01
1.530961608886718750e+01 -3.423999999999999821e-01
1.536560726165771484e+01 -3.421000000000000152e-01
1.540857911109924316e+01 -3.423999999999999821e-01
1.546562719345092773e+01 -3.421000000000000152e-01
1.550859904289245605e+01 -3.423999999999999821e-01
1.556561708450317383e+01 -3.420000000000000262e-01
1.560761213302612305e+01 -3.422999999999999932e-01
1.566464996337890625e+01 -3.421000000000000152e-01
1.570758700370788574e+01 -3.423999999999999821e-01
1.576459312438964844e+01 -3.420000000000000262e-01
1.580654907226562500e+01 -3.422000000000000042e-01
1.586357092857360840e+01 -3.422000000000000042e-01
1.590654993057250977e+01 -3.425000000000000266e-01
1.596356105804443359e+01 -3.421000000000000152e-01
1.600552487373352051e+01 -3.423999999999999821e-01
1.606260609626770020e+01 -3.422000000000000042e-01
1.611949491500854492e+01 -3.423999999999999821e-01
1.616257500648498535e+01 -3.421000000000000152e-01
1.621955513954162598e+01 -3.422000000000000042e-01
1.626158094406127930e+01 -3.421000000000000152e-01
1.631857109069824219e+01 -3.422000000000000042e-01
1.636154294013977051e+01 -3.422000000000000042e-01
1.641852807998657227e+01 -3.422999999999999932e-01
1.646052908897399902e+01 -3.423999999999999821e-01
1.651754212379455566e+01 -3.422999999999999932e-01
1.656053185462951660e+01 -3.421000000000000152e-01
1.661752200126647949e+01 -3.422999999999999932e-01
1.666057109832763672e+01 -3.422999999999999932e-01
1.671656608581542969e+01 -3.420000000000000262e-01
1.677353405952453613e+01 -3.422000000000000042e-01
1.681643795967102051e+01 -3.422000000000000042e-01
1.687344789505004883e+01 -3.422000000000000042e-01
1.691544914245605469e+01 -3.421000000000000152e-01
1.697244119644165039e+01 -3.423999999999999821e-01
1.701545286178588867e+01 -3.420000000000000262e-01
1.707244420051574707e+01 -3.423999999999999821e-01
1.711442613601684570e+01 -3.420000000000000262e-01
1.717149114608764648e+01 -3.422999999999999932e-01
1.721442818641662598e+01 -3.421000000000000152e-01
1.727142286300659180e+01 -3.423999999999999821e-01
1.731441783905029297e+01 -3.421000000000000152e-01
1.737140703201293945e+01 -3.423999999999999821e-01
1.741339802742004395e+01 -3.421000000000000152e-01
1.747040891647338867e+01 -3.423999999999999821e-01
1.751342415809631348e+01 -3.421000000000000152e-01
1.757039523124694824e+01 -3.422999999999999932e-01
1.761237597465515137e+01 -3.422000000000000042e-01
1.766942000389099121e+01 -3.422000000000000042e-01
1.771238398551940918e+01 -3.422000000000000042e-01
1.776837301254272461e+01 -3.422000000000000042e-01
1.781136798858642578e+01 -3.422000000000000042e-01
1.786841297149658203e+01 -3.421000000000000152e-01
1.792535400390625000e+01 -3.420000000000000262e-01
1.796835613250732422e+01 -3.420000000000000262e-01
1.802437090873718262e+01 -3.422000000000000042e-01
1.806734585762023926e+01 -3.417999999999999927e-01
1.812436985969543457e+01 -3.422999999999999932e-01
1.816736412048339844e+01 -3.421000000000000152e-01
1.822431302070617676e+01 -3.423999999999999821e-01
1.826634120941162109e+01 -3.418999999999999817e-01
1.832329487800598145e+01 -3.422000000000000042e-01
1.836630916595458984e+01 -3.421000000000000152e-01
1.842328596115112305e+01 -3.422999999999999932e-01
1.846529793739318848e+01 -3.417999999999999927e-01
1.852226519584655762e+01 -3.422999999999999932e-01
1.856529307365417480e+01 -3.420000000000000262e-01
1.862226200103759766e+01 -3.423999999999999821e-01
1.866433715820312500e+01 -3.420000000000000262e-01
1.872128701210021973e+01 -3.422000000000000042e-01
1.876429486274719238e+01 -3.420000000000000262e-01
1.882127785682678223e+01 -3.422000000000000042e-01
1.887826991081237793e+01 -3.418999999999999817e-01
1.892023706436157227e+01 -3.421000000000000152e-01
1.897725009918212891e+01 -3.421000000000000152e-01
1.902025699615478516e+01 -3.422000000000000042e-01
1.907722711563110352e+01 -3.421000000000000152e-01
1.911924719810485840e+01 -3.421000000000000152e-01
1.917627692222595215e+01 -3.421000000000000152e-01
1.921921300888061523e+01 -3.420000000000000262e-01
1.927621698379516602e+01 -3.421000000000000152e-01
1.931919407844543457e+01 -3.420000000000000262e-01
1.937625503540039062e+01 -3.422000000000000042e-01
1.941817712783813477e+01 -3.421000000000000152e-01
1.947521209716796875e+01 -3.422000000000000042e-01
1.951818203926086426e+01 -3.418999999999999817e-01
1.957521414756774902e+01 -3.423999999999999821e-01
1.963121104240417480e+01 -3.421000000000000152e-01
1.967417812347412109e+01 -3.423999999999999821e-01
1.973118400573730469e+01 -3.418999999999999817e-01
1.977416610717773438e+01 -3.422000000000000042e-01
1.983013296127319336e+01 -3.418999999999999817e-01
1.987314605712890625e+01 -3.422000000000000042e-01
1.993015503883361816e+01 -3.421000000000000152e-01
1.997311997413635254e+01 -3.422999999999999932e-01
2.003023791313171387e+01 -3.417999999999999927e-01
2.007226204872131348e+01 -3.422000000000000042e-01
2.012935400009155273e+01 -3.417999999999999927e-01
2.017235302925109863e+01 -3.421000000000000152e-01
2.022933101654052734e+01 -3.420000000000000262e-01
2.027140092849731445e+01 -3.422000000000000042e-01
2.032842111587524414e+01 -3.420000000000000262e-01
2.037138986587524414e+01 -3.420000000000000262e-01
2.042850303649902344e+01 -3.421000000000000152e-01
2.047026109695434570e+01 -3.422000000000000042e-01
2.052734994888305664e+01 -3.422000000000000042e-01
2.058440113067626953e+01 -3.420000000000000262e-01
2.062735104560852051e+01 -3.422000000000000042e-01
2.068435883522033691e+01 -3.421000000000000152e-01
2.072630095481872559e+01 -3.422999999999999932e-01
2.078334784507751465e+01 -3.420000000000000262e-01
2.082631802558898926e+01 -3.422999999999999932e-01
2.088337111473083496e+01 -3.422000000000000042e-01
2.092617392539978027e+01 -3.422999999999999932e-01
2.098218894004821777e+01 -3.420000000000000262e-01
2.102505016326904297e+01 -3.422000000000000042e-01
2.108204102516174316e+01 -3.422000000000000042e-01
2.112395215034484863e+01 -3.422000000000000042e-01
2.118096518516540527e+01 -3.420000000000000262e-01
2.122407293319702148e+01 -3.423999999999999821e-01
2.128096604347229004e+01 -3.421000000000000152e-01
2.133799910545349121e+01 -3.422999999999999932e-01
2.138095617294311523e+01 -3.422000000000000042e-01
2.143694806098937988e+01 -3.422000000000000042e-01
2.147991394996643066e+01 -3.421000000000000152e-01
2.153690910339355469e+01 -3.422000000000000042e-01
2.157991194725036621e+01 -3.420000000000000262e-01
2.163696718215942383e+01 -3.422000000000000042e-01
2.167892718315124512e+01 -3.422000000000000042e-01
2.173590397834777832e+01 -3.421000000000000152e-01
2.177887511253356934e+01 -3.422000000000000042e-01
2.183488988876342773e+01 -3.421000000000000152e-01
2.187786793708801270e+01 -3.422999999999999932e-01
2.193487501144409180e+01 -3.418999999999999817e-01
2.199189615249633789e+01 -3.422000000000000042e-01
2.203485321998596191e+01 -3.420000000000000262e-01
2.209193301200866699e+01 -3.422000000000000042e-01
2.213390684127807617e+01 -3.418999999999999817e-01
2.219088315963745117e+01 -3.422999999999999932e-01
2.223390507698059082e+01 -3.418999999999999817e-01
2.228983306884765625e+01 -3.422999999999999932e-01
2.233282995223999023e+01 -3.418999999999999817e-01
2.238981509208679199e+01 -3.422000000000000042e-01
2.243282508850097656e+01 -3.420000000000000262e-01
2.248981904983520508e+01 -3.422000000000000042e-01
2.253180694580078125e+01 -3.420000000000000262e-01
2.258879804611206055e+01 -3.421000000000000152e-01
2.263183307647705078e+01 -3.418999999999999817e-01
2.268879795074462891e+01 -3.422000000000000042e-01
2.273080706596374512e+01 -3.420000000000000262e-01
2.278778696060180664e+01 -3.422000000000000042e-01
2.283078098297119141e+01 -3.420000000000000262e-01
2.288779115676879883e+01 -3.422999999999999932e-01
2.292977499961853027e+01 -3.421000000000000152e-01
2.298674988746643066e+01 -3.421000000000000152e-01
2.304377293586730957e+01 -3.421000000000000152e-01
2.308675003051757812e+01 -3.421000000000000152e-01
2.314379906654357910e+01 -3.422000000000000042e-01
2.318574094772338867e+01 -3.421000000000000152e-01
2.324273109436035156e+01 -3.422999999999999932e-01
2.328571105003356934e+01 -3.418999999999999817e-01
2.334271788597106934e+01 -3.422000000000000042e-01
2.338572001457214355e+01 -3.420000000000000262e-01
2.344172596931457520e+01 -3.423999999999999821e-01
2.348469305038452148e+01 -3.421000000000000152e-01
2.354174590110778809e+01 -3.425000000000000266e-01
2.358470201492309570e+01 -3.422999999999999932e-01
2.364174199104309082e+01 -3.425000000000000266e-01
2.368370294570922852e+01 -3.425000000000000266e-01
2.374068903923034668e+01 -3.425000000000000266e-01
2.378372192382812500e+01 -3.422999999999999932e-01
2.384069705009460449e+01 -3.423999999999999821e-01
2.389670705795288086e+01 -3.422000000000000042e-01
2.393965482711791992e+01 -3.423999999999999821e-01
2.399664092063903809e+01 -3.422000000000000042e-01
2.403964495658874512e+01 -3.422999999999999932e-01
2.409567999839782715e+01 -3.421000000000000152e-01
2.413868308067321777e+01 -3.422000000000000042e-01
2.419565796852111816e+01 -3.420000000000000262e-01
2.423865222930908203e+01 -3.421000000000000152e-01
2.429563498497009277e+01 -3.421000000000000152e-01
2.433763098716735840e+01 -3.420000000000000262e-01
2.439462089538574219e+01 -3.422000000000000042e-01
2.443762397766113281e+01 -3.421000000000000152e-01
2.449460601806640625e+01 -3.421000000000000152e-01
2.453659009933471680e+01 -3.420000000000000262e-01
2.459359908103942871e+01 -3.421000000000000152e-01
2.463663101196289062e+01 -3.422000000000000042e-01
2.469358587265014648e+01 -3.420000000000000262e-01
2.473561000823974609e+01 -3.422000000000000042e-01
2.479256296157836914e+01 -3.423999999999999821e-01
2.484955811500549316e+01 -3.420000000000000262e-01
2.489257287979125977e+01 -3.422999999999999932e-01
2.494954323768615723e+01 -3.420000000000000262e-01
2.499156904220581055e+01 -3.422999999999999932e-01
2.504855608940124512e+01 -3.418999999999999817e-01
2.509152793884277344e+01 -3.422999999999999932e-01
2.514859104156494141e+01 -3.418999999999999817e-01
2.519152212142944336e+01 -3.422000000000000042e-01
2.524756193161010742e+01 -3.420000000000000262e-01
2.529053592681884766e+01 -3.423999999999999821e-01
2.534751701354980469e+01 -3.418999999999999817e-01
2.539049696922302246e+01 -3.422999999999999932e-01
2.544651222229003906e+01 -3.418999999999999817e-01
2.548951697349548340e+01 -3.421000000000000152e-01
2.554651308059692383e+01 -3.420000000000000262e-01
2.558847999572753906e+01 -3.422000000000000042e-01
2.564650392532348633e+01 -3.422000000000000042e-01
2.570248794555664062e+01 -3.422000000000000042e-01
2.574549102783203125e+01 -3.423999999999999821e-01
2.580245804786682129e+01 -3.422000000000000042e-01
2.584445905685424805e+01 -3.422999999999999932e-01
2.590245294570922852e+01 -3.420000000000000262e-01
2.594446301460266113e+01 -3.422999999999999932e-01
2.600143694877624512e+01 -3.421000000000000152e-01
2.604446601867675781e+01 -3.422999999999999932e-01
2.610147094726562500e+01 -3.421000000000000152e-01
2.614344692230224609e+01 -3.422000000000000042e-01
2.620048308372497559e+01 -3.420000000000000262e-01
2.624346899986267090e+01 -3.422999999999999932e-01
2.630043220520019531e+01 -3.420000000000000262e-01
2.634240603446960449e+01 -3.423999999999999821e-01
2.639940810203552246e+01 -3.420000000000000262e-01
2.645639801025390625e+01 -3.422000000000000042e-01
2.649939608573913574e+01 -3.421000000000000152e-01
2.655539393424987793e+01 -3.422000000000000042e-01
2.659837317466735840e+01 -3.421000000000000152e-01
2.665539717674255371e+01 -3.422999999999999932e-01
2.669836902618408203e+01 -3.420000000000000262e-01
2.675535988807678223e+01 -3.422000000000000042e-01
2.679734611511230469e+01 -3.421000000000000152e-01
2.685436320304870605e+01 -3.422999999999999932e-01
2.689734911918640137e+01 -3.422000000000000042e-01
2.695436692237854004e+01 -3.421000000000000152e-01
2.699635195732116699e+01 -3.422999999999999932e-01
2.705332398414611816e+01 -3.421000000000000152e-01
2.709634995460510254e+01 -3.422999999999999932e-01
2.715334701538085938e+01 -3.421000000000000152e-01
2.719533801078796387e+01 -3.422999999999999932e-01
2.725237607955932617e+01 -3.420000000000000262e-01
2.730932998657226562e+01 -3.422000000000000042e-01
2.735231304168701172e+01 -3.418999999999999817e-01
2.740937280654907227e+01 -3.423999999999999821e-01
2.745135521888732910e+01 -3.420000000000000262e-01
2.750832605361938477e+01 -3.422999999999999932e-01
2.755131387710571289e+01 -3.421000000000000152e-01
2.760830807685852051e+01 -3.423999999999999821e-01
2.765031909942626953e+01 -3.420000000000000262e-01
2.770732593536376953e+01 -3.422999999999999932e-01
2.775030493736267090e+01 -3.420000000000000262e-01
2.780729699134826660e+01 -3.422999999999999932e-01
2.785029506683349609e+01 -3.418999999999999817e-01
2.790632295608520508e+01 -3.422999999999999932e-01
2.794931197166442871e+01 -3.421000000000000152e-01
2.800624299049377441e+01 -3.422999999999999932e-01
2.804922795295715332e+01 -3.418999999999999817e-01
2.810622692108154297e+01 -3.421000000000000152e-01
2.816222524642944336e+01 -3.421000000000000152e-01
2.820519709587097168e+01 -3.422000000000000042e-01
2.826219892501831055e+01 -3.422999999999999932e-01
2.830518817901611328e+01 -3.422000000000000042e-01
2.836218595504760742e+01 -3.420000000000000262e-01
2.840419197082519531e+01 -3.420000000000000262e-01
2.846118187904357910e+01 -3.421000000000000152e-01
2.850416398048400879e+01 -3.420000000000000262e-01
2.856117081642150879e+01 -3.423999999999999821e-01
2.860316586494445801e+01 -3.420000000000000262e-01
2.866018414497375488e+01 -3.422999999999999932e-01
2.870316219329833984e+01 -3.420000000000000262e-01
2.876018619537353516e+01 -3.422000000000000042e-01
2.880215716361999512e+01 -3.421000000000000152e-01
2.885916113853454590e+01 -3.422000000000000042e-01
2.890213918685913086e+01 -3.420000000000000262e-01
2.895917701721191406e+01 -3.422999999999999932e-01
2.901614308357238770e+01 -3.418999999999999817e-01
2.905810809135437012e+01 -3.422999999999999932e-01
2.911513209342956543e+01 -3.420000000000000262e-01
2.915817403793334961e+01 -3.422000000000000042e-01
2.921511912345886230e+01 -3.421000000000000152e-01
2.925709319114685059e+01 -3.421000000000000152e-01
2.931412291526794434e+01 -3.420000000000000262e-01
2.935710787773132324e+01 -3.422000000000000042e-01
2.941407895088195801e+01 -3.420000000000000262e-01
2.945708894729614258e+01 -3.421000000000000152e-01
2.951308012008666992e+01 -3.421000000000000152e-01
2.955613994598388672e+01 -3.420000000000000262e-01
2.961307907104492188e+01 -3.421000000000000152e-01
2.965610313415527344e+01 -3.420000000000000262e-01
2.971205615997314453e+01 -3.420000000000000262e-01
2.975506496429443359e+01 -3.421000000000000152e-01
2.981211900711059570e+01 -3.422000000000000042e-01
2.986904811859130859e+01 -3.420000000000000262e-01
2.991201710700988770e+01 -3.422000000000000042e-01
2.996802997589111328e+01 -3.420000000000000262e-01
