# ./Data/BW2025-02-07_16:16:06sky
# Duration (in s): 30
# Pointing Position of the Horn: Sky
# Angle pointing (from horizontal perpendicular to supporting axis): 48.70
# Angle pointing (from horizontal parallel to supporting axis): 110
# Calibrator used: NO
# Temperature Outside (in celcius): 25.4
# Temperature of the calibrator (in celcius): Low
# Weather: very clear
# Units: Volts
5.888938903808593750e-05 -3.723000000000000198e-01
3.484892845153808594e-02 -3.719999999999999973e-01
7.684493064880371094e-02 -3.721999999999999753e-01
1.198818683624267578e-01 -3.719999999999999973e-01
1.769149303436279297e-01 -3.720999999999999863e-01
2.340610027313232422e-01 -3.719999999999999973e-01
2.760539054870605469e-01 -3.723000000000000198e-01
3.330380916595458984e-01 -3.719999999999999973e-01
3.759589195251464844e-01 -3.723000000000000198e-01
4.327840805053710938e-01 -3.719999999999999973e-01
4.757151603698730469e-01 -3.723000000000000198e-01
5.318908691406250000e-01 -3.719000000000000083e-01
5.748209953308105469e-01 -3.721999999999999753e-01
6.318509578704833984e-01 -3.719999999999999973e-01
6.737458705902099609e-01 -3.724000000000000088e-01
7.317230701446533203e-01 -3.719999999999999973e-01
7.736980915069580078e-01 -3.721999999999999753e-01
8.307168483734130859e-01 -3.719000000000000083e-01
8.876841068267822266e-01 -3.721999999999999753e-01
9.298810958862304688e-01 -3.720999999999999863e-01
9.866380691528320312e-01 -3.720999999999999863e-01
1.029669046401977539e+00 -3.720999999999999863e-01
1.086619138717651367e+00 -3.719000000000000083e-01
1.129729986190795898e+00 -3.719999999999999973e-01
1.185753107070922852e+00 -3.720999999999999863e-01
1.228744983673095703e+00 -3.720999999999999863e-01
1.285659790039062500e+00 -3.719999999999999973e-01
1.328716039657592773e+00 -3.720999999999999863e-01
1.384664058685302734e+00 -3.720999999999999863e-01
1.427606105804443359e+00 -3.723000000000000198e-01
1.484673023223876953e+00 -3.720999999999999863e-01
1.527678012847900391e+00 -3.723000000000000198e-01
1.584662914276123047e+00 -3.720999999999999863e-01
1.626610994338989258e+00 -3.721999999999999753e-01
1.683639049530029297e+00 -3.720999999999999863e-01
1.740642070770263672e+00 -3.723000000000000198e-01
1.783644914627075195e+00 -3.719000000000000083e-01
1.839522123336791992e+00 -3.723000000000000198e-01
1.882564067840576172e+00 -3.718000000000000194e-01
1.939642906188964844e+00 -3.721999999999999753e-01
1.982614994049072266e+00 -3.719999999999999973e-01
2.039735078811645508e+00 -3.723000000000000198e-01
2.081620931625366211e+00 -3.719999999999999973e-01
2.138592958450317383e+00 -3.721999999999999753e-01
2.181623935699462891e+00 -3.719999999999999973e-01
2.238572120666503906e+00 -3.720999999999999863e-01
2.280557155609130859e+00 -3.719999999999999973e-01
2.337537050247192383e+00 -3.723000000000000198e-01
2.380588054656982422e+00 -3.719999999999999973e-01
2.437559127807617188e+00 -3.724000000000000088e-01
2.479557991027832031e+00 -3.719999999999999973e-01
2.536689996719360352e+00 -3.721999999999999753e-01
2.579596042633056641e+00 -3.721999999999999753e-01
2.636565923690795898e+00 -3.719000000000000083e-01
2.679570913314819336e+00 -3.720999999999999863e-01
2.735584020614624023e+00 -3.720999999999999863e-01
2.793548107147216797e+00 -3.719999999999999973e-01
2.835512161254882812e+00 -3.720999999999999863e-01
2.892533063888549805e+00 -3.723000000000000198e-01
2.935497999191284180e+00 -3.719999999999999973e-01
2.991549015045166016e+00 -3.721999999999999753e-01
3.034532070159912109e+00 -3.719000000000000083e-01
3.091511964797973633e+00 -3.723000000000000198e-01
3.134437799453735352e+00 -3.720999999999999863e-01
3.190453052520751953e+00 -3.723000000000000198e-01
3.233424901962280273e+00 -3.720999999999999863e-01
3.290426969528198242e+00 -3.723000000000000198e-01
3.333389043807983398e+00 -3.719999999999999973e-01
3.390434026718139648e+00 -3.724000000000000088e-01
3.432416915893554688e+00 -3.719999999999999973e-01
3.489394903182983398e+00 -3.724000000000000088e-01
3.532409191131591797e+00 -3.719999999999999973e-01
3.589395999908447266e+00 -3.723000000000000198e-01
3.631395101547241211e+00 -3.719999999999999973e-01
3.688370943069458008e+00 -3.723000000000000198e-01
3.745375871658325195e+00 -3.721999999999999753e-01
3.788393020629882812e+00 -3.723000000000000198e-01
3.845342874526977539e+00 -3.720999999999999863e-01
3.887358903884887695e+00 -3.720999999999999863e-01
3.944475889205932617e+00 -3.721999999999999753e-01
3.987513065338134766e+00 -3.721999999999999753e-01
4.044409036636352539e+00 -3.719999999999999973e-01
4.086341857910156250e+00 -3.720999999999999863e-01
4.143337965011596680e+00 -3.720999999999999863e-01
4.186308145523071289e+00 -3.720999999999999863e-01
4.243288993835449219e+00 -3.719999999999999973e-01
4.285273075103759766e+00 -3.720999999999999863e-01
4.342270851135253906e+00 -3.720999999999999863e-01
4.385277986526489258e+00 -3.720999999999999863e-01
4.442265987396240234e+00 -3.724000000000000088e-01
4.499274969100952148e+00 -3.719999999999999973e-01
4.541266918182373047e+00 -3.723000000000000198e-01
4.598414182662963867e+00 -3.719000000000000083e-01
4.641247987747192383e+00 -3.721999999999999753e-01
4.698293924331665039e+00 -3.719999999999999973e-01
4.740187883377075195e+00 -3.723000000000000198e-01
4.797274112701416016e+00 -3.719999999999999973e-01
4.840145826339721680e+00 -3.723000000000000198e-01
4.897284030914306641e+00 -3.719999999999999973e-01
4.939230918884277344e+00 -3.723000000000000198e-01
4.996232032775878906e+00 -3.720999999999999863e-01
5.039215087890625000e+00 -3.724000000000000088e-01
5.096222877502441406e+00 -3.720999999999999863e-01
5.139182090759277344e+00 -3.721999999999999753e-01
5.195194959640502930e+00 -3.719999999999999973e-01
5.238157987594604492e+00 -3.723000000000000198e-01
5.295150995254516602e+00 -3.720999999999999863e-01
5.338139057159423828e+00 -3.723000000000000198e-01
5.395172119140625000e+00 -3.721999999999999753e-01
5.451174974441528320e+00 -3.721999999999999753e-01
5.494143009185791016e+00 -3.724000000000000088e-01
5.551162958145141602e+00 -3.721999999999999753e-01
5.594153881072998047e+00 -3.723000000000000198e-01
5.650121927261352539e+00 -3.720999999999999863e-01
5.693092107772827148e+00 -3.719999999999999973e-01
5.750110864639282227e+00 -3.721999999999999753e-01
5.793124198913574219e+00 -3.721999999999999753e-01
5.850106000900268555e+00 -3.721999999999999753e-01
5.892107009887695312e+00 -3.724000000000000088e-01
5.949057102203369141e+00 -3.720999999999999863e-01
5.992026090621948242e+00 -3.723000000000000198e-01
6.049062967300415039e+00 -3.720999999999999863e-01
6.090992212295532227e+00 -3.723000000000000198e-01
6.148037910461425781e+00 -3.719999999999999973e-01
6.191074132919311523e+00 -3.723000000000000198e-01
6.248044967651367188e+00 -3.720999999999999863e-01
6.289952039718627930e+00 -3.723000000000000198e-01
6.347052097320556641e+00 -3.721999999999999753e-01
6.389986038208007812e+00 -3.724000000000000088e-01
6.447037935256958008e+00 -3.721999999999999753e-01
6.503961086273193359e+00 -3.724000000000000088e-01
6.545994997024536133e+00 -3.723000000000000198e-01
6.602950811386108398e+00 -3.721999999999999753e-01
6.645987987518310547e+00 -3.720999999999999863e-01
6.702888011932373047e+00 -3.721999999999999753e-01
6.744951963424682617e+00 -3.721999999999999753e-01
6.801919937133789062e+00 -3.723000000000000198e-01
6.844879150390625000e+00 -3.720999999999999863e-01
6.901885986328125000e+00 -3.720999999999999863e-01
6.944848775863647461e+00 -3.721999999999999753e-01
7.000914812088012695e+00 -3.720999999999999863e-01
7.043935060501098633e+00 -3.723000000000000198e-01
7.100874900817871094e+00 -3.719999999999999973e-01
7.143835783004760742e+00 -3.724000000000000088e-01
7.200938940048217773e+00 -3.720999999999999863e-01
7.242863178253173828e+00 -3.723000000000000198e-01
7.299867153167724609e+00 -3.720999999999999863e-01
7.342813968658447266e+00 -3.724000000000000088e-01
7.399888992309570312e+00 -3.719999999999999973e-01
7.456863880157470703e+00 -3.721999999999999753e-01
7.498867034912109375e+00 -3.719999999999999973e-01
7.556009054183959961e+00 -3.724999999999999978e-01
7.598843812942504883e+00 -3.720999999999999863e-01
7.655842065811157227e+00 -3.721999999999999753e-01
7.697837114334106445e+00 -3.721999999999999753e-01
7.754796981811523438e+00 -3.723000000000000198e-01
7.797735929489135742e+00 -3.719999999999999973e-01
7.854760885238647461e+00 -3.723000000000000198e-01
7.896842956542968750e+00 -3.719999999999999973e-01
7.953722000122070312e+00 -3.723000000000000198e-01
7.996767044067382812e+00 -3.719999999999999973e-01
8.053809881210327148e+00 -3.723000000000000198e-01
8.095757961273193359e+00 -3.723000000000000198e-01
8.152762889862060547e+00 -3.720999999999999863e-01
8.209723949432373047e+00 -3.720999999999999863e-01
8.252757072448730469e+00 -3.721999999999999753e-01
8.309757947921752930e+00 -3.721999999999999753e-01
8.351728916168212891e+00 -3.721999999999999753e-01
8.408725976943969727e+00 -3.721999999999999753e-01
8.451727151870727539e+00 -3.720999999999999863e-01
8.508721828460693359e+00 -3.720999999999999863e-01
8.551685094833374023e+00 -3.719999999999999973e-01
8.607685089111328125e+00 -3.723000000000000198e-01
8.650701999664306641e+00 -3.720999999999999863e-01
8.707662105560302734e+00 -3.723000000000000198e-01
8.749657154083251953e+00 -3.720999999999999863e-01
8.806629180908203125e+00 -3.721999999999999753e-01
8.849719047546386719e+00 -3.719999999999999973e-01
8.906671047210693359e+00 -3.724000000000000088e-01
8.948621988296508789e+00 -3.719999999999999973e-01
9.005597829818725586e+00 -3.721999999999999753e-01
9.062728881835937500e+00 -3.720999999999999863e-01
9.105637073516845703e+00 -3.724000000000000088e-01
9.162611007690429688e+00 -3.720999999999999863e-01
9.204561948776245117e+00 -3.721999999999999753e-01
9.262590885162353516e+00 -3.719000000000000083e-01
9.304547071456909180e+00 -3.721999999999999753e-01
9.361567020416259766e+00 -3.719000000000000083e-01
9.404649972915649414e+00 -3.721999999999999753e-01
9.460925817489624023e+00 -3.719999999999999973e-01
9.503888845443725586e+00 -3.720999999999999863e-01
9.560833930969238281e+00 -3.720999999999999863e-01
9.603880882263183594e+00 -3.721999999999999753e-01
9.660914897918701172e+00 -3.721999999999999753e-01
9.702893018722534180e+00 -3.720999999999999863e-01
9.759858846664428711e+00 -3.721999999999999753e-01
9.816920995712280273e+00 -3.719999999999999973e-01
9.859824180603027344e+00 -3.723000000000000198e-01
9.915828943252563477e+00 -3.723000000000000198e-01
9.958767175674438477e+00 -3.723000000000000198e-01
1.001583886146545410e+01 -3.720999999999999863e-01
1.005879402160644531e+01 -3.724000000000000088e-01
1.011581993103027344e+01 -3.720999999999999863e-01
1.015770101547241211e+01 -3.723000000000000198e-01
1.021479797363281250e+01 -3.720999999999999863e-01
1.025766611099243164e+01 -3.723000000000000198e-01
1.031481289863586426e+01 -3.719999999999999973e-01
1.035669183731079102e+01 -3.724000000000000088e-01
1.041354799270629883e+01 -3.720999999999999863e-01
1.045648884773254395e+01 -3.723000000000000198e-01
1.051344799995422363e+01 -3.719999999999999973e-01
1.057039904594421387e+01 -3.721999999999999753e-01
1.061254000663757324e+01 -3.719000000000000083e-01
1.066946983337402344e+01 -3.721999999999999753e-01
1.071247196197509766e+01 -3.719000000000000083e-01
1.076945400238037109e+01 -3.721999999999999753e-01
1.081150889396667480e+01 -3.720999999999999863e-01
1.086840605735778809e+01 -3.723000000000000198e-01
1.091143703460693359e+01 -3.721999999999999753e-01
1.096847510337829590e+01 -3.723000000000000198e-01
1.101144599914550781e+01 -3.721999999999999753e-01
1.106844496726989746e+01 -3.719999999999999973e-01
1.111038994789123535e+01 -3.723000000000000198e-01
1.116742086410522461e+01 -3.721999999999999753e-01
1.121045708656311035e+01 -3.721999999999999753e-01
1.126641607284545898e+01 -3.719999999999999973e-01
1.130936098098754883e+01 -3.721999999999999753e-01
1.136638593673706055e+01 -3.720999999999999863e-01
1.142337417602539062e+01 -3.721999999999999753e-01
1.146636605262756348e+01 -3.720999999999999863e-01
1.152238702774047852e+01 -3.724000000000000088e-01
1.156535601615905762e+01 -3.720999999999999863e-01
1.162232589721679688e+01 -3.724999999999999978e-01
1.166533184051513672e+01 -3.719999999999999973e-01
1.172230911254882812e+01 -3.723000000000000198e-01
1.176429486274719238e+01 -3.720999999999999863e-01
1.182129001617431641e+01 -3.723000000000000198e-01
1.186425280570983887e+01 -3.720999999999999863e-01
1.192130303382873535e+01 -3.723000000000000198e-01
1.196326899528503418e+01 -3.719000000000000083e-01
1.202031302452087402e+01 -3.724000000000000088e-01
1.206329011917114258e+01 -3.720999999999999863e-01
1.212029099464416504e+01 -3.724000000000000088e-01
1.216225099563598633e+01 -3.721999999999999753e-01
1.221927595138549805e+01 -3.723000000000000198e-01
1.226223421096801758e+01 -3.721999999999999753e-01
1.231927919387817383e+01 -3.723000000000000198e-01
1.237628316879272461e+01 -3.721999999999999753e-01
1.241826415061950684e+01 -3.720999999999999863e-01
1.247519803047180176e+01 -3.721999999999999753e-01
1.251831388473510742e+01 -3.720999999999999863e-01
1.257522606849670410e+01 -3.721999999999999753e-01
1.261723589897155762e+01 -3.719999999999999973e-01
1.267418122291564941e+01 -3.721999999999999753e-01
1.271721696853637695e+01 -3.720999999999999863e-01
1.277419590950012207e+01 -3.724000000000000088e-01
1.281722187995910645e+01 -3.721999999999999753e-01
1.287318301200866699e+01 -3.723000000000000198e-01
1.291618609428405762e+01 -3.720999999999999863e-01
1.297316098213195801e+01 -3.723000000000000198e-01
1.301518583297729492e+01 -3.720999999999999863e-01
1.307213211059570312e+01 -3.724000000000000088e-01
1.312914896011352539e+01 -3.719999999999999973e-01
1.317212605476379395e+01 -3.723000000000000198e-01
1.322910094261169434e+01 -3.719999999999999973e-01
1.327211117744445801e+01 -3.723000000000000198e-01
1.332812380790710449e+01 -3.720999999999999863e-01
1.337112903594970703e+01 -3.723000000000000198e-01
1.342810797691345215e+01 -3.719999999999999973e-01
1.347009682655334473e+01 -3.723000000000000198e-01
1.352812218666076660e+01 -3.720999999999999863e-01
1.357010197639465332e+01 -3.720999999999999863e-01
1.362710714340209961e+01 -3.719999999999999973e-01
1.367007589340209961e+01 -3.720999999999999863e-01
1.372608685493469238e+01 -3.721999999999999753e-01
1.376913189888000488e+01 -3.721999999999999753e-01
1.382612609863281250e+01 -3.723000000000000198e-01
1.386925601959228516e+01 -3.721999999999999753e-01
1.392514705657958984e+01 -3.723000000000000198e-01
1.398316001892089844e+01 -3.721999999999999753e-01
1.402514195442199707e+01 -3.724999999999999978e-01
1.408212614059448242e+01 -3.724000000000000088e-01
1.412513685226440430e+01 -3.721999999999999753e-01
1.418114519119262695e+01 -3.719000000000000083e-01
1.422411894798278809e+01 -3.724000000000000088e-01
1.428104710578918457e+01 -3.719999999999999973e-01
1.432401204109191895e+01 -3.724000000000000088e-01
1.438102984428405762e+01 -3.720999999999999863e-01
1.442302012443542480e+01 -3.724000000000000088e-01
1.448001599311828613e+01 -3.719999999999999973e-01
1.452302789688110352e+01 -3.724000000000000088e-01
1.458003306388854980e+01 -3.719999999999999973e-01
1.462298798561096191e+01 -3.724000000000000088e-01
1.467899107933044434e+01 -3.720999999999999863e-01
1.473599100112915039e+01 -3.721999999999999753e-01
1.477901792526245117e+01 -3.720999999999999863e-01
1.483599090576171875e+01 -3.721999999999999753e-01
1.487898182868957520e+01 -3.719999999999999973e-01
1.493494915962219238e+01 -3.723000000000000198e-01
1.497797393798828125e+01 -3.721999999999999753e-01
1.503500699996948242e+01 -3.723000000000000198e-01
1.507693910598754883e+01 -3.723000000000000198e-01
1.513394308090209961e+01 -3.720999999999999863e-01
1.517695474624633789e+01 -3.721999999999999753e-01
1.523397183418273926e+01 -3.719999999999999973e-01
1.527592182159423828e+01 -3.720999999999999863e-01
1.533289194107055664e+01 -3.721999999999999753e-01
1.537590193748474121e+01 -3.724000000000000088e-01
1.543284392356872559e+01 -3.721999999999999753e-01
1.547584104537963867e+01 -3.721999999999999753e-01
1.553183197975158691e+01 -3.719999999999999973e-01
1.558889603614807129e+01 -3.724999999999999978e-01
1.563190507888793945e+01 -3.720999999999999863e-01
1.568884396553039551e+01 -3.724999999999999978e-01
1.573179602622985840e+01 -3.719999999999999973e-01
1.578783297538757324e+01 -3.724000000000000088e-01
1.583080291748046875e+01 -3.719999999999999973e-01
1.588778996467590332e+01 -3.723000000000000198e-01
1.593080186843872070e+01 -3.719000000000000083e-01
1.598778486251831055e+01 -3.725999999999999868e-01
1.602983903884887695e+01 -3.720999999999999863e-01
1.608678603172302246e+01 -3.724000000000000088e-01
1.612974905967712402e+01 -3.720999999999999863e-01
1.618676185607910156e+01 -3.724000000000000088e-01
1.622875213623046875e+01 -3.720999999999999863e-01
1.628576898574829102e+01 -3.721999999999999753e-01
1.632876586914062500e+01 -3.720999999999999863e-01
1.638576316833496094e+01 -3.720999999999999863e-01
1.644271111488342285e+01 -3.719999999999999973e-01
1.648471283912658691e+01 -3.721999999999999753e-01
1.654178500175476074e+01 -3.721999999999999753e-01
1.658492493629455566e+01 -3.719999999999999973e-01
1.664172220230102539e+01 -3.723000000000000198e-01
1.668369412422180176e+01 -3.720999999999999863e-01
1.674066996574401855e+01 -3.720999999999999863e-01
1.678370308876037598e+01 -3.721999999999999753e-01
1.684071397781372070e+01 -3.724000000000000088e-01
1.688266301155090332e+01 -3.721999999999999753e-01
1.693968296051025391e+01 -3.721999999999999753e-01
1.698271679878234863e+01 -3.721999999999999753e-01
1.703974604606628418e+01 -3.724000000000000088e-01
1.708265709877014160e+01 -3.719999999999999973e-01
1.713864398002624512e+01 -3.721999999999999753e-01
1.718167805671691895e+01 -3.720999999999999863e-01
1.723863816261291504e+01 -3.723000000000000198e-01
1.729566216468811035e+01 -3.721999999999999753e-01
1.733762311935424805e+01 -3.724000000000000088e-01
1.739468598365783691e+01 -3.720999999999999863e-01
1.743760514259338379e+01 -3.723000000000000198e-01
1.749458885192871094e+01 -3.720999999999999863e-01
1.753761792182922363e+01 -3.723000000000000198e-01
1.759362006187438965e+01 -3.721999999999999753e-01
1.763659691810607910e+01 -3.720999999999999863e-01
1.769357013702392578e+01 -3.719999999999999973e-01
1.773555088043212891e+01 -3.723000000000000198e-01
1.779356312751770020e+01 -3.721999999999999753e-01
1.783559799194335938e+01 -3.724000000000000088e-01
1.789256405830383301e+01 -3.720999999999999863e-01
1.793553304672241211e+01 -3.721999999999999753e-01
1.799262595176696777e+01 -3.720999999999999863e-01
1.803459310531616211e+01 -3.720999999999999863e-01
1.809158086776733398e+01 -3.721999999999999753e-01
1.813456296920776367e+01 -3.721999999999999753e-01
1.819057202339172363e+01 -3.721999999999999753e-01
1.823354697227478027e+01 -3.720999999999999863e-01
1.829049587249755859e+01 -3.723000000000000198e-01
1.834754896163940430e+01 -3.723000000000000198e-01
1.839047694206237793e+01 -3.724000000000000088e-01
1.844655108451843262e+01 -3.719999999999999973e-01
1.848949289321899414e+01 -3.724999999999999978e-01
1.854657196998596191e+01 -3.721999999999999753e-01
1.858953118324279785e+01 -3.724999999999999978e-01
1.864651012420654297e+01 -3.721999999999999753e-01
1.868849515914916992e+01 -3.724999999999999978e-01
1.874545884132385254e+01 -3.720999999999999863e-01
1.878842806816101074e+01 -3.723000000000000198e-01
1.884549093246459961e+01 -3.721999999999999753e-01
1.888746118545532227e+01 -3.724000000000000088e-01
1.894438695907592773e+01 -3.721999999999999753e-01
1.898740506172180176e+01 -3.724000000000000088e-01
1.904442381858825684e+01 -3.721999999999999753e-01
1.908640789985656738e+01 -3.723000000000000198e-01
1.914335298538208008e+01 -3.719000000000000083e-01
1.918634486198425293e+01 -3.721999999999999753e-01
1.924338674545288086e+01 -3.721999999999999753e-01
1.930037999153137207e+01 -3.723000000000000198e-01
1.934237003326416016e+01 -3.721999999999999753e-01
1.939947104454040527e+01 -3.720999999999999863e-01
1.944269704818725586e+01 -3.720999999999999863e-01
1.949961400032043457e+01 -3.721999999999999753e-01
1.954165506362915039e+01 -3.723000000000000198e-01
1.959865188598632812e+01 -3.721999999999999753e-01
1.964145207405090332e+01 -3.724999999999999978e-01
1.969858503341674805e+01 -3.723000000000000198e-01
1.974155902862548828e+01 -3.724000000000000088e-01
1.979762983322143555e+01 -3.720999999999999863e-01
1.984055900573730469e+01 -3.724000000000000088e-01
1.989760589599609375e+01 -3.720999999999999863e-01
1.994138598442077637e+01 -3.723000000000000198e-01
1.999752998352050781e+01 -3.721999999999999753e-01
2.003945899009704590e+01 -3.724000000000000088e-01
2.009639811515808105e+01 -3.720999999999999863e-01
2.013952398300170898e+01 -3.723000000000000198e-01
2.019656181335449219e+01 -3.720999999999999863e-01
2.025258588790893555e+01 -3.724000000000000088e-01
2.029554414749145508e+01 -3.720999999999999863e-01
2.035254192352294922e+01 -3.723000000000000198e-01
2.039550209045410156e+01 -3.723000000000000198e-01
2.045230197906494141e+01 -3.724999999999999978e-01
2.049424004554748535e+01 -3.720999999999999863e-01
2.055120801925659180e+01 -3.723000000000000198e-01
2.059428191184997559e+01 -3.723000000000000198e-01
2.065126991271972656e+01 -3.723000000000000198e-01
2.069319796562194824e+01 -3.721999999999999753e-01
2.075024414062500000e+01 -3.721999999999999753e-01
2.079321384429931641e+01 -3.723000000000000198e-01
2.085017609596252441e+01 -3.720999999999999863e-01
2.090716481208801270e+01 -3.721999999999999753e-01
2.094918990135192871e+01 -3.719999999999999973e-01
2.100614976882934570e+01 -3.723000000000000198e-01
2.104920387268066406e+01 -3.721999999999999753e-01
2.110620903968811035e+01 -3.724000000000000088e-01
2.114813303947448730e+01 -3.719999999999999973e-01
2.120511412620544434e+01 -3.724000000000000088e-01
2.124812793731689453e+01 -3.719999999999999973e-01
2.130511307716369629e+01 -3.724000000000000088e-01
2.134809803962707520e+01 -3.720999999999999863e-01
2.140409016609191895e+01 -3.723000000000000198e-01
2.144716000556945801e+01 -3.720999999999999863e-01
2.150422406196594238e+01 -3.725999999999999868e-01
2.154715013504028320e+01 -3.720999999999999863e-01
2.160311603546142578e+01 -3.721999999999999753e-01
2.166016507148742676e+01 -3.720999999999999863e-01
2.170306706428527832e+01 -3.724000000000000088e-01
2.176007080078125000e+01 -3.720999999999999863e-01
2.180305314064025879e+01 -3.724000000000000088e-01
2.185909509658813477e+01 -3.723000000000000198e-01
2.190206098556518555e+01 -3.723000000000000198e-01
2.195931482315063477e+01 -3.721999999999999753e-01
2.200213599205017090e+01 -3.721999999999999753e-01
2.205920004844665527e+01 -3.720999999999999863e-01
2.210114598274230957e+01 -3.721999999999999753e-01
2.215811204910278320e+01 -3.720999999999999863e-01
2.220110106468200684e+01 -3.720999999999999863e-01
2.225810313224792480e+01 -3.723000000000000198e-01
2.231410694122314453e+01 -3.721999999999999753e-01
2.235708904266357422e+01 -3.724999999999999978e-01
2.241405487060546875e+01 -3.721999999999999753e-01
2.245606708526611328e+01 -3.724000000000000088e-01
2.251402997970581055e+01 -3.720999999999999863e-01
2.255606913566589355e+01 -3.724999999999999978e-01
2.261302185058593750e+01 -3.720999999999999863e-01
2.265602397918701172e+01 -3.724000000000000088e-01
2.271304392814636230e+01 -3.721999999999999753e-01
2.275506401062011719e+01 -3.724000000000000088e-01
2.281199884414672852e+01 -3.721999999999999753e-01
2.285505986213684082e+01 -3.724000000000000088e-01
2.291201901435852051e+01 -3.721999999999999753e-01
2.295401692390441895e+01 -3.725999999999999868e-01
2.301105403900146484e+01 -3.721999999999999753e-01
2.305402803421020508e+01 -3.725999999999999868e-01
2.311102485656738281e+01 -3.721999999999999753e-01
2.315405702590942383e+01 -3.724000000000000088e-01
2.320997881889343262e+01 -3.723000000000000198e-01
2.326695084571838379e+01 -3.720999999999999863e-01
2.330996894836425781e+01 -3.723000000000000198e-01
2.336693811416625977e+01 -3.723000000000000198e-01
2.340892481803894043e+01 -3.721999999999999753e-01
2.346596980094909668e+01 -3.723000000000000198e-01
2.350895309448242188e+01 -3.724000000000000088e-01
2.356611990928649902e+01 -3.723000000000000198e-01
2.360795593261718750e+01 -3.723000000000000198e-01
2.366494798660278320e+01 -3.720999999999999863e-01
2.370786619186401367e+01 -3.724000000000000088e-01
2.376494312286376953e+01 -3.723000000000000198e-01
2.380794692039489746e+01 -3.724000000000000088e-01
2.386396002769470215e+01 -3.721999999999999753e-01
2.390697813034057617e+01 -3.724000000000000088e-01
2.396392488479614258e+01 -3.719999999999999973e-01
2.400691294670104980e+01 -3.723000000000000198e-01
2.406291985511779785e+01 -3.721999999999999753e-01
2.411994504928588867e+01 -3.725999999999999868e-01
2.416289687156677246e+01 -3.720999999999999863e-01
2.421989202499389648e+01 -3.724999999999999978e-01
2.426287102699279785e+01 -3.721999999999999753e-01
2.431892395019531250e+01 -3.724000000000000088e-01
2.436189007759094238e+01 -3.720999999999999863e-01
2.441887402534484863e+01 -3.723000000000000198e-01
2.446183180809020996e+01 -3.720999999999999863e-01
2.451787900924682617e+01 -3.724000000000000088e-01
2.456084895133972168e+01 -3.719999999999999973e-01
2.461785793304443359e+01 -3.723000000000000198e-01
2.466083312034606934e+01 -3.720999999999999863e-01
2.471785593032836914e+01 -3.724000000000000088e-01
2.475983786582946777e+01 -3.720999999999999863e-01
2.481685900688171387e+01 -3.721999999999999753e-01
2.485983800888061523e+01 -3.721999999999999753e-01
2.491685819625854492e+01 -3.720999999999999863e-01
2.497377991676330566e+01 -3.723000000000000198e-01
2.501580500602722168e+01 -3.720999999999999863e-01
2.507285904884338379e+01 -3.724000000000000088e-01
2.511590695381164551e+01 -3.719999999999999973e-01
2.517288589477539062e+01 -3.723000000000000198e-01
2.521484994888305664e+01 -3.719000000000000083e-01
2.527181696891784668e+01 -3.724000000000000088e-01
2.531486582756042480e+01 -3.723000000000000198e-01
2.537176799774169922e+01 -3.724000000000000088e-01
2.541378998756408691e+01 -3.721999999999999753e-01
2.547084379196166992e+01 -3.723000000000000198e-01
2.551368021965026855e+01 -3.720999999999999863e-01
2.557066011428833008e+01 -3.724000000000000088e-01
2.561381506919860840e+01 -3.719999999999999973e-01
2.566976690292358398e+01 -3.725999999999999868e-01
2.571273112297058105e+01 -3.720999999999999863e-01
2.576973319053649902e+01 -3.724000000000000088e-01
2.581270408630371094e+01 -3.720999999999999863e-01
2.586870980262756348e+01 -3.721999999999999753e-01
2.592575097084045410e+01 -3.721999999999999753e-01
2.596885704994201660e+01 -3.724999999999999978e-01
2.602585601806640625e+01 -3.723000000000000198e-01
2.606881403923034668e+01 -3.723000000000000198e-01
2.612470698356628418e+01 -3.721999999999999753e-01
2.616773295402526855e+01 -3.723000000000000198e-01
2.622466778755187988e+01 -3.721999999999999753e-01
2.626772093772888184e+01 -3.724000000000000088e-01
2.632466983795166016e+01 -3.724999999999999978e-01
2.636670303344726562e+01 -3.721999999999999753e-01
2.642372989654541016e+01 -3.724999999999999978e-01
2.646666383743286133e+01 -3.724000000000000088e-01
2.652363896369934082e+01 -3.724000000000000088e-01
2.656565093994140625e+01 -3.723000000000000198e-01
2.662268304824829102e+01 -3.725999999999999868e-01
2.667966580390930176e+01 -3.724000000000000088e-01
2.672155284881591797e+01 -3.726999999999999758e-01
2.677975296974182129e+01 -3.723000000000000198e-01
2.682160592079162598e+01 -3.724000000000000088e-01
2.687861204147338867e+01 -3.724000000000000088e-01
2.692161107063293457e+01 -3.725999999999999868e-01
2.697858405113220215e+01 -3.723000000000000198e-01
2.702055811882019043e+01 -3.728000000000000203e-01
2.707773208618164062e+01 -3.721999999999999753e-01
2.712065410614013672e+01 -3.724999999999999978e-01
2.717757487297058105e+01 -3.720999999999999863e-01
2.721955299377441406e+01 -3.724000000000000088e-01
2.727656793594360352e+01 -3.721999999999999753e-01
2.731955409049987793e+01 -3.725999999999999868e-01
2.737654399871826172e+01 -3.723000000000000198e-01
2.741855311393737793e+01 -3.724000000000000088e-01
2.747566199302673340e+01 -3.720999999999999863e-01
2.751852583885192871e+01 -3.724999999999999978e-01
2.757549381256103516e+01 -3.721999999999999753e-01
2.761848592758178711e+01 -3.723000000000000198e-01
2.767450499534606934e+01 -3.723000000000000198e-01
2.773182010650634766e+01 -3.724000000000000088e-01
2.777464914321899414e+01 -3.724000000000000088e-01
2.783181691169738770e+01 -3.724000000000000088e-01
2.787466001510620117e+01 -3.724000000000000088e-01
2.793061184883117676e+01 -3.723000000000000198e-01
2.797353196144104004e+01 -3.725999999999999868e-01
2.803048300743103027e+01 -3.723000000000000198e-01
2.807248783111572266e+01 -3.724999999999999978e-01
2.812949204444885254e+01 -3.724000000000000088e-01
2.817248106002807617e+01 -3.724999999999999978e-01
2.822946882247924805e+01 -3.721999999999999753e-01
2.827245998382568359e+01 -3.724999999999999978e-01
2.832840895652770996e+01 -3.720999999999999863e-01
2.837137794494628906e+01 -3.725999999999999868e-01
2.842845320701599121e+01 -3.721999999999999753e-01
2.847146296501159668e+01 -3.726999999999999758e-01
2.852846693992614746e+01 -3.720999999999999863e-01
2.857033801078796387e+01 -3.725999999999999868e-01
2.862736415863037109e+01 -3.723000000000000198e-01
2.868433785438537598e+01 -3.726999999999999758e-01
2.872727608680725098e+01 -3.724000000000000088e-01
2.878331208229064941e+01 -3.724999999999999978e-01
2.882630085945129395e+01 -3.723000000000000198e-01
2.888343191146850586e+01 -3.724999999999999978e-01
2.892634296417236328e+01 -3.724000000000000088e-01
2.898339295387268066e+01 -3.724999999999999978e-01
2.902530407905578613e+01 -3.724000000000000088e-01
2.908230090141296387e+01 -3.724000000000000088e-01
2.912537908554077148e+01 -3.724999999999999978e-01
2.918226885795593262e+01 -3.724000000000000088e-01
2.922427487373352051e+01 -3.723000000000000198e-01
2.928137898445129395e+01 -3.724000000000000088e-01
2.932445478439331055e+01 -3.723000000000000198e-01
2.938142204284667969e+01 -3.723000000000000198e-01
2.942344403266906738e+01 -3.724000000000000088e-01
2.948049616813659668e+01 -3.724999999999999978e-01
2.952353310585021973e+01 -3.725999999999999868e-01
2.958116698265075684e+01 -3.724000000000000088e-01
2.962339878082275391e+01 -3.725999999999999868e-01
2.967951011657714844e+01 -3.719999999999999973e-01
2.973646092414855957e+01 -3.724000000000000088e-01
2.977943801879882812e+01 -3.721999999999999753e-01
2.983652806282043457e+01 -3.724000000000000088e-01
2.987944602966308594e+01 -3.721999999999999753e-01
2.993561291694641113e+01 -3.724999999999999978e-01
2.997849011421203613e+01 -3.721999999999999753e-01
