# ./Data/BW2025-02-07_16:12:01sky
# Duration (in s): 30
# Pointing Position of the Horn: Sky
# Angle pointing (from horizontal perpendicular to supporting axis): 48.70
# Angle pointing (from horizontal parallel to supporting axis): 150
# Calibrator used: NO
# Temperature Outside (in celcius): 25.4
# Temperature of the calibrator (in celcius): Low
# Weather: very clear
# Units: Volts
6.484985351562500000e-05 -3.400000000000000244e-01
3.292989730834960938e-02 -3.397999999999999909e-01
8.977985382080078125e-02 -3.401000000000000134e-01
1.328177452087402344e-01 -3.397999999999999909e-01
1.900727748870849609e-01 -3.400000000000000244e-01
2.319407463073730469e-01 -3.400000000000000244e-01
2.889928817749023438e-01 -3.401000000000000134e-01
3.320178985595703125e-01 -3.398999999999999799e-01
3.889899253845214844e-01 -3.397999999999999909e-01
4.309029579162597656e-01 -3.400000000000000244e-01
4.880027770996093750e-01 -3.398999999999999799e-01
5.449657440185546875e-01 -3.398999999999999799e-01
5.878646373748779297e-01 -3.397999999999999909e-01
6.449687480926513672e-01 -3.400000000000000244e-01
6.869797706604003906e-01 -3.397000000000000020e-01
7.439589500427246094e-01 -3.400000000000000244e-01
7.869617938995361328e-01 -3.397999999999999909e-01
8.439078330993652344e-01 -3.400000000000000244e-01
8.869497776031494141e-01 -3.397999999999999909e-01
9.429318904876708984e-01 -3.401000000000000134e-01
9.857888221740722656e-01 -3.397999999999999909e-01
1.042630910873413086e+00 -3.398999999999999799e-01
1.085729837417602539e+00 -3.397000000000000020e-01
1.141617774963378906e+00 -3.401000000000000134e-01
1.184567689895629883e+00 -3.397999999999999909e-01
1.241492986679077148e+00 -3.401000000000000134e-01
1.284594774246215820e+00 -3.397000000000000020e-01
1.341558933258056641e+00 -3.397000000000000020e-01
1.397554874420166016e+00 -3.397999999999999909e-01
1.440508842468261719e+00 -3.398999999999999799e-01
1.497531890869140625e+00 -3.397999999999999909e-01
1.540503025054931641e+00 -3.398999999999999799e-01
1.597556829452514648e+00 -3.397999999999999909e-01
1.639497756958007812e+00 -3.398999999999999799e-01
1.696430683135986328e+00 -3.398999999999999799e-01
1.739418745040893555e+00 -3.397000000000000020e-01
1.796457767486572266e+00 -3.400000000000000244e-01
1.838417768478393555e+00 -3.398999999999999799e-01
1.895436763763427734e+00 -3.400000000000000244e-01
1.938406705856323242e+00 -3.398999999999999799e-01
1.995404005050659180e+00 -3.397999999999999909e-01
2.037441015243530273e+00 -3.397000000000000020e-01
2.094432830810546875e+00 -3.400000000000000244e-01
2.137412786483764648e+00 -3.397999999999999909e-01
2.194452762603759766e+00 -3.400000000000000244e-01
2.251389741897583008e+00 -3.397000000000000020e-01
2.293370723724365234e+00 -3.400000000000000244e-01
2.350364923477172852e+00 -3.397000000000000020e-01
2.393382787704467773e+00 -3.400000000000000244e-01
2.450393676757812500e+00 -3.397000000000000020e-01
2.492401838302612305e+00 -3.401000000000000134e-01
2.549345970153808594e+00 -3.397999999999999909e-01
2.592380762100219727e+00 -3.401000000000000134e-01
2.649364948272705078e+00 -3.397000000000000020e-01
2.692353010177612305e+00 -3.398999999999999799e-01
2.748315811157226562e+00 -3.397000000000000020e-01
2.791303873062133789e+00 -3.397999999999999909e-01
2.848346710205078125e+00 -3.396000000000000130e-01
2.890339612960815430e+00 -3.398999999999999799e-01
2.948287963867187500e+00 -3.396000000000000130e-01
2.990311861038208008e+00 -3.398999999999999799e-01
3.047325849533081055e+00 -3.398999999999999799e-01
3.104297876358032227e+00 -3.400000000000000244e-01
3.146294832229614258e+00 -3.400000000000000244e-01
3.203267812728881836e+00 -3.397999999999999909e-01
3.246305942535400391e+00 -3.400000000000000244e-01
3.303253889083862305e+00 -3.397000000000000020e-01
3.346243619918823242e+00 -3.400000000000000244e-01
3.402264833450317383e+00 -3.397999999999999909e-01
3.445294618606567383e+00 -3.401000000000000134e-01
3.502241849899291992e+00 -3.397999999999999909e-01
3.545251607894897461e+00 -3.402000000000000024e-01
3.601239681243896484e+00 -3.397000000000000020e-01
3.644235849380493164e+00 -3.402000000000000024e-01
3.701216936111450195e+00 -3.397000000000000020e-01
3.744206666946411133e+00 -3.401000000000000134e-01
3.801207780838012695e+00 -3.397000000000000020e-01
3.843219757080078125e+00 -3.400000000000000244e-01
3.900213956832885742e+00 -3.396000000000000130e-01
3.943220853805541992e+00 -3.401000000000000134e-01
4.000181913375854492e+00 -3.397999999999999909e-01
4.042297840118408203e+00 -3.400000000000000244e-01
4.099363803863525391e+00 -3.398999999999999799e-01
4.156215667724609375e+00 -3.401000000000000134e-01
4.199193716049194336e+00 -3.398999999999999799e-01
4.256181955337524414e+00 -3.400000000000000244e-01
4.298191785812377930e+00 -3.398999999999999799e-01
4.355146884918212891e+00 -3.398999999999999799e-01
4.398126840591430664e+00 -3.401000000000000134e-01
4.455160617828369141e+00 -3.400000000000000244e-01
4.498143911361694336e+00 -3.398999999999999799e-01
4.554122924804687500e+00 -3.398999999999999799e-01
4.597314596176147461e+00 -3.398999999999999799e-01
4.654342889785766602e+00 -3.398999999999999799e-01
4.696153640747070312e+00 -3.400000000000000244e-01
4.753126859664916992e+00 -3.398999999999999799e-01
4.796106815338134766e+00 -3.402000000000000024e-01
4.853097915649414062e+00 -3.397999999999999909e-01
4.896136760711669922e+00 -3.400000000000000244e-01
4.952107906341552734e+00 -3.397999999999999909e-01
4.995121717453002930e+00 -3.401000000000000134e-01
5.052114725112915039e+00 -3.397999999999999909e-01
5.109148740768432617e+00 -3.400000000000000244e-01
5.152072906494140625e+00 -3.397000000000000020e-01
5.208063840866088867e+00 -3.398999999999999799e-01
5.251041889190673828e+00 -3.397000000000000020e-01
5.308043003082275391e+00 -3.400000000000000244e-01
5.351046800613403320e+00 -3.398999999999999799e-01
5.408059835433959961e+00 -3.401000000000000134e-01
5.450052738189697266e+00 -3.397999999999999909e-01
5.507065773010253906e+00 -3.401000000000000134e-01
5.550018787384033203e+00 -3.398999999999999799e-01
5.607031583786010742e+00 -3.398999999999999799e-01
5.649036645889282227e+00 -3.397999999999999909e-01
5.706056833267211914e+00 -3.400000000000000244e-01
5.749017715454101562e+00 -3.400000000000000244e-01
5.806002855300903320e+00 -3.402000000000000024e-01
5.848038911819458008e+00 -3.401000000000000134e-01
5.905016660690307617e+00 -3.400000000000000244e-01
5.962007761001586914e+00 -3.398999999999999799e-01
6.004965782165527344e+00 -3.398999999999999799e-01
6.061985015869140625e+00 -3.398999999999999799e-01
6.103975772857666016e+00 -3.398999999999999799e-01
6.161087989807128906e+00 -3.398999999999999799e-01
6.203953742980957031e+00 -3.397999999999999909e-01
6.260984659194946289e+00 -3.400000000000000244e-01
6.303040981292724609e+00 -3.397999999999999909e-01
6.360026836395263672e+00 -3.401000000000000134e-01
6.402946710586547852e+00 -3.397999999999999909e-01
6.459988832473754883e+00 -3.401000000000000134e-01
6.501968860626220703e+00 -3.397999999999999909e-01
6.558969736099243164e+00 -3.400000000000000244e-01
6.616003751754760742e+00 -3.397000000000000020e-01
6.658949851989746094e+00 -3.401000000000000134e-01
6.715918779373168945e+00 -3.397000000000000020e-01
6.757892847061157227e+00 -3.397000000000000020e-01
6.814888954162597656e+00 -3.397000000000000020e-01
6.857916831970214844e+00 -3.397999999999999909e-01
6.914928674697875977e+00 -3.398999999999999799e-01
6.956861734390258789e+00 -3.398999999999999799e-01
7.013875961303710938e+00 -3.400000000000000244e-01
7.056877613067626953e+00 -3.398999999999999799e-01
7.113903760910034180e+00 -3.398999999999999799e-01
7.156874895095825195e+00 -3.400000000000000244e-01
7.213860750198364258e+00 -3.400000000000000244e-01
7.255835771560668945e+00 -3.398999999999999799e-01
7.312834739685058594e+00 -3.400000000000000244e-01
7.355838775634765625e+00 -3.397000000000000020e-01
7.412815809249877930e+00 -3.400000000000000244e-01
7.454819679260253906e+00 -3.400000000000000244e-01
7.511824846267700195e+00 -3.398999999999999799e-01
7.554813861846923828e+00 -3.398999999999999799e-01
7.610834836959838867e+00 -3.398999999999999799e-01
7.653789758682250977e+00 -3.397999999999999909e-01
7.710830688476562500e+00 -3.400000000000000244e-01
7.767786979675292969e+00 -3.397999999999999909e-01
7.810796022415161133e+00 -3.401000000000000134e-01
7.866772890090942383e+00 -3.397999999999999909e-01
7.909800767898559570e+00 -3.401000000000000134e-01
7.966763973236083984e+00 -3.398999999999999799e-01
8.009763717651367188e+00 -3.401000000000000134e-01
8.066815853118896484e+00 -3.397999999999999909e-01
8.108852863311767578e+00 -3.401000000000000134e-01
8.165755748748779297e+00 -3.398999999999999799e-01
8.208744764328002930e+00 -3.402000000000000024e-01
8.265724897384643555e+00 -3.397999999999999909e-01
8.307784795761108398e+00 -3.401000000000000134e-01
8.364724874496459961e+00 -3.397000000000000020e-01
8.407718896865844727e+00 -3.400000000000000244e-01
8.464718818664550781e+00 -3.398999999999999799e-01
8.506703853607177734e+00 -3.400000000000000244e-01
8.563723802566528320e+00 -3.400000000000000244e-01
8.606755733489990234e+00 -3.397999999999999909e-01
8.663730859756469727e+00 -3.400000000000000244e-01
8.720715999603271484e+00 -3.398999999999999799e-01
8.762695789337158203e+00 -3.401000000000000134e-01
8.819667816162109375e+00 -3.397999999999999909e-01
8.862712621688842773e+00 -3.401000000000000134e-01
8.919675827026367188e+00 -3.397000000000000020e-01
8.962667942047119141e+00 -3.402000000000000024e-01
9.018667936325073242e+00 -3.398999999999999799e-01
9.061656713485717773e+00 -3.400000000000000244e-01
9.118698835372924805e+00 -3.397999999999999909e-01
9.161715745925903320e+00 -3.402999999999999914e-01
9.217643976211547852e+00 -3.398999999999999799e-01
9.260636806488037109e+00 -3.402000000000000024e-01
9.317679643630981445e+00 -3.397000000000000020e-01
9.360638856887817383e+00 -3.401000000000000134e-01
9.417618751525878906e+00 -3.398999999999999799e-01
9.473607778549194336e+00 -3.400000000000000244e-01
9.516633749008178711e+00 -3.397000000000000020e-01
9.573616743087768555e+00 -3.401000000000000134e-01
9.616606950759887695e+00 -3.397999999999999909e-01
9.672644853591918945e+00 -3.400000000000000244e-01
9.715634822845458984e+00 -3.397999999999999909e-01
9.772616863250732422e+00 -3.398999999999999799e-01
9.815575599670410156e+00 -3.400000000000000244e-01
9.872574806213378906e+00 -3.397999999999999909e-01
9.914590835571289062e+00 -3.400000000000000244e-01
9.971674680709838867e+00 -3.398999999999999799e-01
1.001482486724853516e+01 -3.400000000000000244e-01
1.007193279266357422e+01 -3.400000000000000244e-01
1.011376261711120605e+01 -3.397999999999999909e-01
1.017093396186828613e+01 -3.400000000000000244e-01
1.021375370025634766e+01 -3.401000000000000134e-01
1.027089667320251465e+01 -3.398999999999999799e-01
1.031290960311889648e+01 -3.401000000000000134e-01
1.036989784240722656e+01 -3.397000000000000020e-01
1.041278100013732910e+01 -3.400000000000000244e-01
1.046979188919067383e+01 -3.397999999999999909e-01
1.051277589797973633e+01 -3.400000000000000244e-01
1.056883668899536133e+01 -3.398999999999999799e-01
1.062580299377441406e+01 -3.401000000000000134e-01
1.066874790191650391e+01 -3.397000000000000020e-01
1.072579073905944824e+01 -3.402000000000000024e-01
1.076881980895996094e+01 -3.397999999999999909e-01
1.082483983039855957e+01 -3.401000000000000134e-01
1.086776971817016602e+01 -3.397999999999999909e-01
1.092485094070434570e+01 -3.401000000000000134e-01
1.096667790412902832e+01 -3.398999999999999799e-01
1.102360773086547852e+01 -3.400000000000000244e-01
1.106656360626220703e+01 -3.400000000000000244e-01
1.112350773811340332e+01 -3.398999999999999799e-01
1.116549873352050781e+01 -3.398999999999999799e-01
1.122341394424438477e+01 -3.398999999999999799e-01
1.127951574325561523e+01 -3.398999999999999799e-01
1.132249379158020020e+01 -3.397999999999999909e-01
1.137954378128051758e+01 -3.400000000000000244e-01
1.142150282859802246e+01 -3.400000000000000244e-01
1.147948694229125977e+01 -3.401000000000000134e-01
1.152144193649291992e+01 -3.398999999999999799e-01
1.157847595214843750e+01 -3.400000000000000244e-01
1.162150192260742188e+01 -3.398999999999999799e-01
1.167745256423950195e+01 -3.401000000000000134e-01
1.172043895721435547e+01 -3.398999999999999799e-01
1.177743363380432129e+01 -3.402000000000000024e-01
1.182043957710266113e+01 -3.398999999999999799e-01
1.187641167640686035e+01 -3.402000000000000024e-01
1.191940283775329590e+01 -3.397999999999999909e-01
1.197645068168640137e+01 -3.402000000000000024e-01
1.201943588256835938e+01 -3.398999999999999799e-01
1.207640767097473145e+01 -3.401000000000000134e-01
1.213246679306030273e+01 -3.397999999999999909e-01
1.217544865608215332e+01 -3.400000000000000244e-01
1.223242688179016113e+01 -3.397999999999999909e-01
1.227541875839233398e+01 -3.400000000000000244e-01
1.233241701126098633e+01 -3.397999999999999909e-01
1.237441468238830566e+01 -3.400000000000000244e-01
1.243144392967224121e+01 -3.398999999999999799e-01
1.247440981864929199e+01 -3.397999999999999909e-01
1.253139185905456543e+01 -3.398999999999999799e-01
1.257342171669006348e+01 -3.398999999999999799e-01
1.263046073913574219e+01 -3.397999999999999909e-01
1.267339587211608887e+01 -3.400000000000000244e-01
1.273041582107543945e+01 -3.398999999999999799e-01
1.277232265472412109e+01 -3.400000000000000244e-01
1.282933378219604492e+01 -3.400000000000000244e-01
1.287230086326599121e+01 -3.398999999999999799e-01
1.292937088012695312e+01 -3.402000000000000024e-01
1.298636078834533691e+01 -3.397999999999999909e-01
1.302840757369995117e+01 -3.401000000000000134e-01
1.308528375625610352e+01 -3.400000000000000244e-01
1.312836074829101562e+01 -3.401000000000000134e-01
1.318528890609741211e+01 -3.400000000000000244e-01
1.322726774215698242e+01 -3.401000000000000134e-01
1.328427171707153320e+01 -3.397999999999999909e-01
1.332729792594909668e+01 -3.401000000000000134e-01
1.338430261611938477e+01 -3.398999999999999799e-01
1.342727494239807129e+01 -3.402000000000000024e-01
1.348325276374816895e+01 -3.400000000000000244e-01
1.352621889114379883e+01 -3.400000000000000244e-01
1.358324980735778809e+01 -3.398999999999999799e-01
1.362626671791076660e+01 -3.400000000000000244e-01
1.368323993682861328e+01 -3.398999999999999799e-01
1.372520184516906738e+01 -3.400000000000000244e-01
1.378223991394042969e+01 -3.398999999999999799e-01
1.382523369789123535e+01 -3.400000000000000244e-01
1.388223671913146973e+01 -3.401000000000000134e-01
1.393819785118103027e+01 -3.398999999999999799e-01
1.398120594024658203e+01 -3.398999999999999799e-01
1.403821372985839844e+01 -3.398999999999999799e-01
1.408123373985290527e+01 -3.398999999999999799e-01
1.413823103904724121e+01 -3.397999999999999909e-01
1.418020582199096680e+01 -3.402000000000000024e-01
1.423720693588256836e+01 -3.398999999999999799e-01
1.428019404411315918e+01 -3.402999999999999914e-01
1.433718276023864746e+01 -3.397999999999999909e-01
1.437921667098999023e+01 -3.402999999999999914e-01
1.443617582321166992e+01 -3.398999999999999799e-01
1.447915697097778320e+01 -3.401000000000000134e-01
1.453612995147705078e+01 -3.397000000000000020e-01
1.459316563606262207e+01 -3.402000000000000024e-01
1.463515186309814453e+01 -3.398999999999999799e-01
1.469214272499084473e+01 -3.402000000000000024e-01
1.473512983322143555e+01 -3.398999999999999799e-01
1.479208970069885254e+01 -3.401000000000000134e-01
1.483416271209716797e+01 -3.398999999999999799e-01
1.489109396934509277e+01 -3.401000000000000134e-01
1.493408274650573730e+01 -3.400000000000000244e-01
1.499108290672302246e+01 -3.400000000000000244e-01
1.503413295745849609e+01 -3.397999999999999909e-01
1.509016680717468262e+01 -3.400000000000000244e-01
1.513312268257141113e+01 -3.400000000000000244e-01
1.519006896018981934e+01 -3.401000000000000134e-01
1.523307585716247559e+01 -3.400000000000000244e-01
1.528908181190490723e+01 -3.397999999999999909e-01
1.534610986709594727e+01 -3.400000000000000244e-01
1.538904881477355957e+01 -3.397999999999999909e-01
1.544618177413940430e+01 -3.400000000000000244e-01
1.548902773857116699e+01 -3.397999999999999909e-01
1.554512476921081543e+01 -3.402000000000000024e-01
1.558801674842834473e+01 -3.398999999999999799e-01
1.564510369300842285e+01 -3.398999999999999799e-01
1.568702173233032227e+01 -3.397000000000000020e-01
1.574501872062683105e+01 -3.398999999999999799e-01
1.578699278831481934e+01 -3.397999999999999909e-01
1.584402871131896973e+01 -3.402000000000000024e-01
1.588700890541076660e+01 -3.396000000000000130e-01
1.594399261474609375e+01 -3.398999999999999799e-01
1.600001788139343262e+01 -3.397000000000000020e-01
1.604296779632568359e+01 -3.400000000000000244e-01
1.610004568099975586e+01 -3.397999999999999909e-01
1.614198279380798340e+01 -3.401000000000000134e-01
1.619994783401489258e+01 -3.398999999999999799e-01
1.624190998077392578e+01 -3.401000000000000134e-01
1.629898595809936523e+01 -3.397999999999999909e-01
1.634200596809387207e+01 -3.398999999999999799e-01
1.639801692962646484e+01 -3.398999999999999799e-01
1.644089174270629883e+01 -3.398999999999999799e-01
1.649795985221862793e+01 -3.398999999999999799e-01
1.654090380668640137e+01 -3.398999999999999799e-01
1.659790682792663574e+01 -3.398999999999999799e-01
1.663995170593261719e+01 -3.401000000000000134e-01
1.669693064689636230e+01 -3.398999999999999799e-01
1.673988175392150879e+01 -3.397999999999999909e-01
1.679690384864807129e+01 -3.398999999999999799e-01
1.683889675140380859e+01 -3.397999999999999909e-01
1.689593863487243652e+01 -3.401000000000000134e-01
1.695288395881652832e+01 -3.396000000000000130e-01
1.699588394165039062e+01 -3.400000000000000244e-01
1.705287671089172363e+01 -3.397999999999999909e-01
1.709494662284851074e+01 -3.400000000000000244e-01
1.715191078186035156e+01 -3.397999999999999909e-01
1.719488477706909180e+01 -3.398999999999999799e-01
1.725188183784484863e+01 -3.398999999999999799e-01
1.729386591911315918e+01 -3.401000000000000134e-01
1.735090088844299316e+01 -3.397000000000000020e-01
1.739383482933044434e+01 -3.398999999999999799e-01
1.745084571838378906e+01 -3.397999999999999909e-01
1.749285173416137695e+01 -3.398999999999999799e-01
1.754982590675354004e+01 -3.397999999999999909e-01
1.759286189079284668e+01 -3.398999999999999799e-01
1.764983582496643066e+01 -3.397999999999999909e-01
1.769284772872924805e+01 -3.400000000000000244e-01
1.774880576133728027e+01 -3.400000000000000244e-01
1.780580496788024902e+01 -3.400000000000000244e-01
1.784879875183105469e+01 -3.400000000000000244e-01
1.790581178665161133e+01 -3.400000000000000244e-01
1.794880676269531250e+01 -3.401000000000000134e-01
1.800477790832519531e+01 -3.397999999999999909e-01
1.804777479171752930e+01 -3.401000000000000134e-01
1.810481476783752441e+01 -3.397999999999999909e-01
1.814780688285827637e+01 -3.400000000000000244e-01
1.820382785797119141e+01 -3.398999999999999799e-01
1.824679660797119141e+01 -3.401000000000000134e-01
1.830377173423767090e+01 -3.397000000000000020e-01
1.834673666954040527e+01 -3.402999999999999914e-01
1.840373277664184570e+01 -3.398999999999999799e-01
1.844575476646423340e+01 -3.401000000000000134e-01
1.850274682044982910e+01 -3.397999999999999909e-01
1.854577875137329102e+01 -3.400000000000000244e-01
1.860276460647583008e+01 -3.397999999999999909e-01
1.865974783897399902e+01 -3.401000000000000134e-01
1.870174384117126465e+01 -3.397999999999999909e-01
1.875875282287597656e+01 -3.400000000000000244e-01
1.880169582366943359e+01 -3.398999999999999799e-01
1.885867285728454590e+01 -3.401000000000000134e-01
1.890070390701293945e+01 -3.397000000000000020e-01
1.895768761634826660e+01 -3.400000000000000244e-01
1.900067400932312012e+01 -3.397999999999999909e-01
1.905772066116333008e+01 -3.398999999999999799e-01
1.909970879554748535e+01 -3.398999999999999799e-01
1.915664672851562500e+01 -3.398999999999999799e-01
1.919962596893310547e+01 -3.397999999999999909e-01
1.925670385360717773e+01 -3.397999999999999909e-01
1.929972195625305176e+01 -3.397999999999999909e-01
1.935569381713867188e+01 -3.398999999999999799e-01
1.939861178398132324e+01 -3.400000000000000244e-01
1.945560288429260254e+01 -3.397999999999999909e-01
1.949868178367614746e+01 -3.400000000000000244e-01
1.955462193489074707e+01 -3.398999999999999799e-01
1.959765887260437012e+01 -3.400000000000000244e-01
1.965461778640747070e+01 -3.397000000000000020e-01
1.969664788246154785e+01 -3.400000000000000244e-01
1.975459885597229004e+01 -3.397000000000000020e-01
1.981060385704040527e+01 -3.400000000000000244e-01
1.985360264778137207e+01 -3.397000000000000020e-01
1.991060972213745117e+01 -3.402000000000000024e-01
1.995267391204833984e+01 -3.397000000000000020e-01
2.001073884963989258e+01 -3.401000000000000134e-01
2.005262780189514160e+01 -3.397999999999999909e-01
2.010976362228393555e+01 -3.401000000000000134e-01
2.015275478363037109e+01 -3.397000000000000020e-01
2.020987272262573242e+01 -3.400000000000000244e-01
2.025178170204162598e+01 -3.397999999999999909e-01
2.030892586708068848e+01 -3.400000000000000244e-01
2.035173988342285156e+01 -3.397999999999999909e-01
2.040892696380615234e+01 -3.397999999999999909e-01
2.046575570106506348e+01 -3.398999999999999799e-01
2.050762486457824707e+01 -3.397999999999999909e-01
2.056475687026977539e+01 -3.400000000000000244e-01
2.060768198966979980e+01 -3.396000000000000130e-01
2.066376686096191406e+01 -3.398999999999999799e-01
2.070671486854553223e+01 -3.397999999999999909e-01
2.076370096206665039e+01 -3.400000000000000244e-01
2.080658674240112305e+01 -3.397999999999999909e-01
2.086371684074401855e+01 -3.398999999999999799e-01
2.090565562248229980e+01 -3.397999999999999909e-01
2.096261882781982422e+01 -3.401000000000000134e-01
2.100556278228759766e+01 -3.397000000000000020e-01
2.106246590614318848e+01 -3.401000000000000134e-01
2.110450363159179688e+01 -3.397000000000000020e-01
2.116145086288452148e+01 -3.398999999999999799e-01
2.121837687492370605e+01 -3.397000000000000020e-01
2.126138472557067871e+01 -3.400000000000000244e-01
2.131854057312011719e+01 -3.397000000000000020e-01
2.136044573783874512e+01 -3.400000000000000244e-01
2.141745686531066895e+01 -3.396000000000000130e-01
2.146045064926147461e+01 -3.398999999999999799e-01
2.151744890213012695e+01 -3.397999999999999909e-01
2.155946969985961914e+01 -3.397000000000000020e-01
2.161646485328674316e+01 -3.397000000000000020e-01
2.165941667556762695e+01 -3.398999999999999799e-01
2.171642184257507324e+01 -3.398999999999999799e-01
2.175840377807617188e+01 -3.397000000000000020e-01
2.181538581848144531e+01 -3.398999999999999799e-01
2.185834789276123047e+01 -3.397999999999999909e-01
2.191541385650634766e+01 -3.398999999999999799e-01
2.195838475227355957e+01 -3.397000000000000020e-01
2.201437997817993164e+01 -3.398999999999999799e-01
2.205733776092529297e+01 -3.396000000000000130e-01
2.211440181732177734e+01 -3.400000000000000244e-01
2.215739083290100098e+01 -3.396000000000000130e-01
2.221438264846801758e+01 -3.400000000000000244e-01
2.227032375335693359e+01 -3.397000000000000020e-01
2.231331396102905273e+01 -3.401000000000000134e-01
2.237035274505615234e+01 -3.397999999999999909e-01
2.241333580017089844e+01 -3.400000000000000244e-01
2.246929979324340820e+01 -3.397999999999999909e-01
2.251239180564880371e+01 -3.401000000000000134e-01
2.256931281089782715e+01 -3.398999999999999799e-01
2.261236381530761719e+01 -3.400000000000000244e-01
2.266929364204406738e+01 -3.397000000000000020e-01
2.271128177642822266e+01 -3.398999999999999799e-01
2.276831269264221191e+01 -3.396000000000000130e-01
2.281128382682800293e+01 -3.398999999999999799e-01
2.286826086044311523e+01 -3.396000000000000130e-01
2.291028094291687012e+01 -3.400000000000000244e-01
2.296729373931884766e+01 -3.398999999999999799e-01
2.301023674011230469e+01 -3.398999999999999799e-01
2.306723880767822266e+01 -3.396000000000000130e-01
2.310931873321533203e+01 -3.397000000000000020e-01
2.316627478599548340e+01 -3.400000000000000244e-01
2.322323393821716309e+01 -3.397000000000000020e-01
2.326621985435485840e+01 -3.400000000000000244e-01
2.332323479652404785e+01 -3.397000000000000020e-01
2.336526679992675781e+01 -3.398999999999999799e-01
2.342222166061401367e+01 -3.398999999999999799e-01
2.346525073051452637e+01 -3.400000000000000244e-01
2.352219963073730469e+01 -3.397999999999999909e-01
2.356519389152526855e+01 -3.400000000000000244e-01
2.362120866775512695e+01 -3.397999999999999909e-01
2.366417098045349121e+01 -3.400000000000000244e-01
2.372116971015930176e+01 -3.397999999999999909e-01
2.376419568061828613e+01 -3.398999999999999799e-01
2.382019090652465820e+01 -3.396000000000000130e-01
2.386316990852355957e+01 -3.400000000000000244e-01
2.392016196250915527e+01 -3.397000000000000020e-01
2.396219277381896973e+01 -3.398999999999999799e-01
2.402031469345092773e+01 -3.397999999999999909e-01
2.407622981071472168e+01 -3.400000000000000244e-01
2.411912775039672852e+01 -3.398999999999999799e-01
2.417610168457031250e+01 -3.398999999999999799e-01
2.421905565261840820e+01 -3.400000000000000244e-01
2.427612066268920898e+01 -3.397000000000000020e-01
2.431809091567993164e+01 -3.397999999999999909e-01
2.437512588500976562e+01 -3.397000000000000020e-01
2.441804385185241699e+01 -3.400000000000000244e-01
2.447504782676696777e+01 -3.397999999999999909e-01
2.451709175109863281e+01 -3.398999999999999799e-01
2.457414388656616211e+01 -3.397999999999999909e-01
2.461713194847106934e+01 -3.398999999999999799e-01
2.467402791976928711e+01 -3.397000000000000020e-01
2.473103880882263184e+01 -3.400000000000000244e-01
2.477304387092590332e+01 -3.397000000000000020e-01
2.483000969886779785e+01 -3.400000000000000244e-01
2.487299776077270508e+01 -3.397000000000000020e-01
2.493000292778015137e+01 -3.397999999999999909e-01
2.497204566001892090e+01 -3.397000000000000020e-01
2.502901077270507812e+01 -3.400000000000000244e-01
2.507201480865478516e+01 -3.396000000000000130e-01
2.512903189659118652e+01 -3.401000000000000134e-01
2.517096495628356934e+01 -3.397999999999999909e-01
2.522800874710083008e+01 -3.400000000000000244e-01
2.527097082138061523e+01 -3.398999999999999799e-01
2.532795596122741699e+01 -3.402000000000000024e-01
2.536994767189025879e+01 -3.398999999999999799e-01
2.542699694633483887e+01 -3.401000000000000134e-01
2.546996569633483887e+01 -3.398999999999999799e-01
2.552693080902099609e+01 -3.398999999999999799e-01
2.556991791725158691e+01 -3.397999999999999909e-01
2.562599778175354004e+01 -3.398999999999999799e-01
2.566890883445739746e+01 -3.398999999999999799e-01
2.572590160369873047e+01 -3.397999999999999909e-01
2.578292989730834961e+01 -3.398999999999999799e-01
2.582591080665588379e+01 -3.397999999999999909e-01
2.588192272186279297e+01 -3.398999999999999799e-01
2.592488074302673340e+01 -3.397999999999999909e-01
2.598194360733032227e+01 -3.400000000000000244e-01
2.602489972114562988e+01 -3.397999999999999909e-01
2.608096480369567871e+01 -3.397999999999999909e-01
2.612395977973937988e+01 -3.397999999999999909e-01
2.618104171752929688e+01 -3.401000000000000134e-01
2.622386670112609863e+01 -3.396000000000000130e-01
2.627997064590454102e+01 -3.401000000000000134e-01
2.632288885116577148e+01 -3.395000000000000240e-01
2.637988662719726562e+01 -3.400000000000000244e-01
2.642286062240600586e+01 -3.397999999999999909e-01
2.647988462448120117e+01 -3.398999999999999799e-01
2.652182865142822266e+01 -3.397999999999999909e-01
2.657884693145751953e+01 -3.397999999999999909e-01
2.662193465232849121e+01 -3.395000000000000240e-01
2.667886066436767578e+01 -3.398999999999999799e-01
2.673583102226257324e+01 -3.396000000000000130e-01
2.677782583236694336e+01 -3.397000000000000020e-01
2.683480072021484375e+01 -3.397000000000000020e-01
2.687787795066833496e+01 -3.397000000000000020e-01
2.693486380577087402e+01 -3.397999999999999909e-01
2.697682785987854004e+01 -3.397000000000000020e-01
2.703381490707397461e+01 -3.397000000000000020e-01
2.707681369781494141e+01 -3.397000000000000020e-01
2.713379096984863281e+01 -3.397000000000000020e-01
2.717575287818908691e+01 -3.397000000000000020e-01
2.723278069496154785e+01 -3.397999999999999909e-01
2.727577972412109375e+01 -3.397000000000000020e-01
2.733273792266845703e+01 -3.398999999999999799e-01
2.737472677230834961e+01 -3.396000000000000130e-01
2.743178796768188477e+01 -3.400000000000000244e-01
2.747471690177917480e+01 -3.397000000000000020e-01
2.753171777725219727e+01 -3.401000000000000134e-01
2.757470178604125977e+01 -3.397000000000000020e-01
2.763080286979675293e+01 -3.400000000000000244e-01
2.768771195411682129e+01 -3.396000000000000130e-01
2.773073363304138184e+01 -3.398999999999999799e-01
2.778768372535705566e+01 -3.397000000000000020e-01
2.783070087432861328e+01 -3.400000000000000244e-01
2.788670086860656738e+01 -3.396000000000000130e-01
2.792969489097595215e+01 -3.397000000000000020e-01
2.798667073249816895e+01 -3.397000000000000020e-01
2.802970576286315918e+01 -3.397999999999999909e-01
2.808570981025695801e+01 -3.397999999999999909e-01
2.812871074676513672e+01 -3.398999999999999799e-01
2.818563890457153320e+01 -3.397999999999999909e-01
2.822771096229553223e+01 -3.397999999999999909e-01
2.828571391105651855e+01 -3.397999999999999909e-01
2.832767677307128906e+01 -3.397000000000000020e-01
2.838463878631591797e+01 -3.397999999999999909e-01
2.842765998840332031e+01 -3.397000000000000020e-01
2.848464083671569824e+01 -3.400000000000000244e-01
2.854161477088928223e+01 -3.397000000000000020e-01
2.858359980583190918e+01 -3.401000000000000134e-01
2.864065575599670410e+01 -3.397000000000000020e-01
2.868359279632568359e+01 -3.398999999999999799e-01
2.874058961868286133e+01 -3.397000000000000020e-01
2.878260779380798340e+01 -3.400000000000000244e-01
2.883963489532470703e+01 -3.397000000000000020e-01
2.888257670402526855e+01 -3.398999999999999799e-01
2.893955993652343750e+01 -3.396000000000000130e-01
2.898159980773925781e+01 -3.398999999999999799e-01
2.903856778144836426e+01 -3.397000000000000020e-01
2.908173370361328125e+01 -3.400000000000000244e-01
2.913859677314758301e+01 -3.397000000000000020e-01
2.918055582046508789e+01 -3.398999999999999799e-01
2.923755288124084473e+01 -3.397000000000000020e-01
2.928055381774902344e+01 -3.398999999999999799e-01
2.933754801750183105e+01 -3.397000000000000020e-01
2.938053679466247559e+01 -3.398999999999999799e-01
2.943655657768249512e+01 -3.397999999999999909e-01
2.947957491874694824e+01 -3.397999999999999909e-01
2.953657698631286621e+01 -3.397000000000000020e-01
2.957850480079650879e+01 -3.397999999999999909e-01
2.963659596443176270e+01 -3.397999999999999909e-01
2.969253492355346680e+01 -3.397999999999999909e-01
2.973551988601684570e+01 -3.398999999999999799e-01
2.979246783256530762e+01 -3.397999999999999909e-01
2.983452081680297852e+01 -3.400000000000000244e-01
2.989249682426452637e+01 -3.398999999999999799e-01
2.993446278572082520e+01 -3.400000000000000244e-01
2.999157500267028809e+01 -3.397000000000000020e-01
