# ./Data/BW2025-02-07_16:16:50sky
# Duration (in s): 30
# Pointing Position of the Horn: Sky
# Angle pointing (from horizontal perpendicular to supporting axis): 48.70
# Angle pointing (from horizontal parallel to supporting axis): 100
# Calibrator used: NO
# Temperature Outside (in celcius): 25.4
# Temperature of the calibrator (in celcius): Low
# Weather: very clear
# Units: Volts
4.911422729492187500e-05 -4.129999999999999782e-01
4.253506660461425781e-02 -4.124999999999999778e-01
9.953904151916503906e-02 -4.129999999999999782e-01
1.425299644470214844e-01 -4.126000000000000223e-01
1.987590789794921875e-01 -4.128000000000000003e-01
2.417221069335937500e-01 -4.128000000000000003e-01
2.987260818481445312e-01 -4.128000000000000003e-01
3.416669368743896484e-01 -4.126000000000000223e-01
3.987350463867187500e-01 -4.127000000000000113e-01
4.547140598297119141e-01 -4.126000000000000223e-01
4.977350234985351562e-01 -4.126000000000000223e-01
5.547139644622802734e-01 -4.127000000000000113e-01
5.977430343627929688e-01 -4.126000000000000223e-01
6.546158790588378906e-01 -4.128000000000000003e-01
6.964199542999267578e-01 -4.124999999999999778e-01
7.534351348876953125e-01 -4.126000000000000223e-01
7.964258193969726562e-01 -4.127000000000000113e-01
8.533749580383300781e-01 -4.127000000000000113e-01
8.953361511230468750e-01 -4.126000000000000223e-01
9.523618221282958984e-01 -4.128000000000000003e-01
9.953770637512207031e-01 -4.123999999999999888e-01
1.052294015884399414e+00 -4.128999999999999893e-01
1.094274997711181641e+00 -4.126000000000000223e-01
1.151416063308715820e+00 -4.129999999999999782e-01
1.194350004196166992e+00 -4.127000000000000113e-01
1.251336097717285156e+00 -4.128000000000000003e-01
1.308346986770629883e+00 -4.124999999999999778e-01
1.350299119949340820e+00 -4.128000000000000003e-01
1.407364130020141602e+00 -4.124999999999999778e-01
1.450354099273681641e+00 -4.128000000000000003e-01
1.507364034652709961e+00 -4.124999999999999778e-01
1.549370050430297852e+00 -4.124999999999999778e-01
1.606462955474853516e+00 -4.126000000000000223e-01
1.649441957473754883e+00 -4.127000000000000113e-01
1.706355094909667969e+00 -4.124999999999999778e-01
1.749385833740234375e+00 -4.127000000000000113e-01
1.805338144302368164e+00 -4.124999999999999778e-01
1.848299980163574219e+00 -4.126000000000000223e-01
1.905309200286865234e+00 -4.126000000000000223e-01
1.947323083877563477e+00 -4.124999999999999778e-01
2.004315137863159180e+00 -4.126000000000000223e-01
2.047325134277343750e+00 -4.126000000000000223e-01
2.104304075241088867e+00 -4.126000000000000223e-01
2.161267042160034180e+00 -4.124999999999999778e-01
2.204267978668212891e+00 -4.127000000000000113e-01
2.260299921035766602e+00 -4.124999999999999778e-01
2.303282022476196289e+00 -4.127000000000000113e-01
2.360232114791870117e+00 -4.124999999999999778e-01
2.403259038925170898e+00 -4.128000000000000003e-01
2.460234880447387695e+00 -4.123999999999999888e-01
2.502219915390014648e+00 -4.128999999999999893e-01
2.559236049652099609e+00 -4.123999999999999888e-01
2.602248191833496094e+00 -4.127000000000000113e-01
2.659238100051879883e+00 -4.123999999999999888e-01
2.701278924942016602e+00 -4.126000000000000223e-01
2.758251905441284180e+00 -4.126000000000000223e-01
2.815201044082641602e+00 -4.127000000000000113e-01
2.858208894729614258e+00 -4.126000000000000223e-01
2.914196014404296875e+00 -4.127000000000000113e-01
2.957182884216308594e+00 -4.124999999999999778e-01
3.014195919036865234e+00 -4.128000000000000003e-01
3.057180166244506836e+00 -4.127000000000000113e-01
3.113192796707153320e+00 -4.127000000000000113e-01
3.156144142150878906e+00 -4.127000000000000113e-01
3.213187932968139648e+00 -4.127000000000000113e-01
3.256181001663208008e+00 -4.128000000000000003e-01
3.313164949417114258e+00 -4.127000000000000113e-01
3.355148077011108398e+00 -4.127000000000000113e-01
3.412124156951904297e+00 -4.127000000000000113e-01
3.455141067504882812e+00 -4.128000000000000003e-01
3.512127876281738281e+00 -4.126000000000000223e-01
3.554106950759887695e+00 -4.127000000000000113e-01
3.611119031906127930e+00 -4.124999999999999778e-01
3.668115139007568359e+00 -4.128000000000000003e-01
3.711104869842529297e+00 -4.123999999999999888e-01
3.768128871917724609e+00 -4.128999999999999893e-01
3.810099124908447266e+00 -4.123999999999999888e-01
3.867123126983642578e+00 -4.127000000000000113e-01
3.910093069076538086e+00 -4.123999999999999888e-01
3.967077016830444336e+00 -4.128000000000000003e-01
4.009078025817871094e+00 -4.124999999999999778e-01
4.066158056259155273e+00 -4.128999999999999893e-01
4.109081983566284180e+00 -4.124999999999999778e-01
4.166090011596679688e+00 -4.129999999999999782e-01
4.208044052124023438e+00 -4.124999999999999778e-01
4.265073060989379883e+00 -4.126000000000000223e-01
4.308047056198120117e+00 -4.124999999999999778e-01
4.365046024322509766e+00 -4.128000000000000003e-01
4.408041000366210938e+00 -4.124999999999999778e-01
4.464177131652832031e+00 -4.126000000000000223e-01
4.521045923233032227e+00 -4.124999999999999778e-01
4.564013957977294922e+00 -4.124999999999999778e-01
4.620947122573852539e+00 -4.126000000000000223e-01
4.663948059082031250e+00 -4.124999999999999778e-01
4.720040082931518555e+00 -4.128000000000000003e-01
4.763009071350097656e+00 -4.127000000000000113e-01
4.820003032684326172e+00 -4.128000000000000003e-01
4.862971067428588867e+00 -4.123999999999999888e-01
4.920005083084106445e+00 -4.127000000000000113e-01
4.961984872817993164e+00 -4.123999999999999888e-01
5.018965005874633789e+00 -4.127000000000000113e-01
5.061958074569702148e+00 -4.124999999999999778e-01
5.118974208831787109e+00 -4.127000000000000113e-01
5.160943984985351562e+00 -4.127000000000000113e-01
5.218011140823364258e+00 -4.129999999999999782e-01
5.260972976684570312e+00 -4.124999999999999778e-01
5.317982196807861328e+00 -4.126000000000000223e-01
5.359923839569091797e+00 -4.126000000000000223e-01
5.416925191879272461e+00 -4.128999999999999893e-01
5.473953962326049805e+00 -4.124999999999999778e-01
5.516904830932617188e+00 -4.129999999999999782e-01
5.573909997940063477e+00 -4.124999999999999778e-01
5.615916013717651367e+00 -4.127000000000000113e-01
5.672930955886840820e+00 -4.126000000000000223e-01
5.715870857238769531e+00 -4.126000000000000223e-01
5.772928953170776367e+00 -4.127000000000000113e-01
5.814873933792114258e+00 -4.127000000000000113e-01
5.871886014938354492e+00 -4.126000000000000223e-01
5.914874076843261719e+00 -4.126000000000000223e-01
5.971828937530517578e+00 -4.126000000000000223e-01
6.014825820922851562e+00 -4.127000000000000113e-01
6.070773839950561523e+00 -4.127000000000000113e-01
6.113874197006225586e+00 -4.126000000000000223e-01
6.170878171920776367e+00 -4.129999999999999782e-01
6.227847099304199219e+00 -4.124999999999999778e-01
6.269843816757202148e+00 -4.127000000000000113e-01
6.326843976974487305e+00 -4.126000000000000223e-01
6.369822978973388672e+00 -4.127000000000000113e-01
6.426769018173217773e+00 -4.127000000000000113e-01
6.469764947891235352e+00 -4.129999999999999782e-01
6.525770902633666992e+00 -4.127000000000000113e-01
6.568787813186645508e+00 -4.128000000000000003e-01
6.625779867172241211e+00 -4.126000000000000223e-01
6.667761087417602539e+00 -4.128000000000000003e-01
6.725700139999389648e+00 -4.124999999999999778e-01
6.767774820327758789e+00 -4.128000000000000003e-01
6.824700117111206055e+00 -4.124999999999999778e-01
6.867722988128662109e+00 -4.128999999999999893e-01
6.924716949462890625e+00 -4.124999999999999778e-01
6.966700077056884766e+00 -4.127000000000000113e-01
7.023742198944091797e+00 -4.124999999999999778e-01
7.066689014434814453e+00 -4.128999999999999893e-01
7.122668981552124023e+00 -4.124999999999999778e-01
7.165652990341186523e+00 -4.128000000000000003e-01
7.222664117813110352e+00 -4.128000000000000003e-01
7.279723882675170898e+00 -4.128000000000000003e-01
7.322665929794311523e+00 -4.127000000000000113e-01
7.378697156906127930e+00 -4.128000000000000003e-01
7.421633958816528320e+00 -4.127000000000000113e-01
7.478670120239257812e+00 -4.127000000000000113e-01
7.521629095077514648e+00 -4.128000000000000003e-01
7.578643798828125000e+00 -4.128000000000000003e-01
7.620623111724853516e+00 -4.128000000000000003e-01
7.677644014358520508e+00 -4.127000000000000113e-01
7.720611095428466797e+00 -4.129999999999999782e-01
7.777673959732055664e+00 -4.127000000000000113e-01
7.819591045379638672e+00 -4.129999999999999782e-01
7.876596927642822266e+00 -4.128000000000000003e-01
7.919569015502929688e+00 -4.131000000000000227e-01
7.976577997207641602e+00 -4.128000000000000003e-01
8.019587993621826172e+00 -4.131000000000000227e-01
8.075550079345703125e+00 -4.128000000000000003e-01
8.118593931198120117e+00 -4.131000000000000227e-01
8.175589084625244141e+00 -4.128000000000000003e-01
8.232555866241455078e+00 -4.131000000000000227e-01
8.274601936340332031e+00 -4.127000000000000113e-01
8.331569194793701172e+00 -4.128999999999999893e-01
8.374603033065795898e+00 -4.127000000000000113e-01
8.431528091430664062e+00 -4.129999999999999782e-01
8.473510026931762695e+00 -4.129999999999999782e-01
8.530564069747924805e+00 -4.131000000000000227e-01
8.573532104492187500e+00 -4.128999999999999893e-01
8.630513191223144531e+00 -4.131000000000000227e-01
8.673537015914916992e+00 -4.129999999999999782e-01
8.729562044143676758e+00 -4.132000000000000117e-01
8.772619962692260742e+00 -4.128999999999999893e-01
8.829561948776245117e+00 -4.129999999999999782e-01
8.872555971145629883e+00 -4.129999999999999782e-01
8.929541110992431641e+00 -4.129999999999999782e-01
8.971523046493530273e+00 -4.129999999999999782e-01
9.028548955917358398e+00 -4.129999999999999782e-01
9.071522951126098633e+00 -4.131000000000000227e-01
9.128553867340087891e+00 -4.128000000000000003e-01
9.184475183486938477e+00 -4.131000000000000227e-01
9.227443933486938477e+00 -4.128999999999999893e-01
9.284498214721679688e+00 -4.129999999999999782e-01
9.327470064163208008e+00 -4.128999999999999893e-01
9.384473085403442383e+00 -4.129999999999999782e-01
9.426423072814941406e+00 -4.128000000000000003e-01
9.483437061309814453e+00 -4.132000000000000117e-01
9.526478052139282227e+00 -4.127000000000000113e-01
9.583461046218872070e+00 -4.131000000000000227e-01
9.625571966171264648e+00 -4.128999999999999893e-01
9.682717084884643555e+00 -4.132000000000000117e-01
9.725756168365478516e+00 -4.129999999999999782e-01
9.782763957977294922e+00 -4.131000000000000227e-01
9.839730024337768555e+00 -4.128999999999999893e-01
9.881737232208251953e+00 -4.129999999999999782e-01
9.938719987869262695e+00 -4.128999999999999893e-01
9.981705904006958008e+00 -4.128999999999999893e-01
1.003872704505920410e+01 -4.129999999999999782e-01
1.008063101768493652e+01 -4.129999999999999782e-01
1.013769412040710449e+01 -4.128999999999999893e-01
1.018069815635681152e+01 -4.129999999999999782e-01
1.023770308494567871e+01 -4.128999999999999893e-01
1.028069281578063965e+01 -4.128000000000000003e-01
1.033667707443237305e+01 -4.128999999999999893e-01
1.037968301773071289e+01 -4.129999999999999782e-01
1.043668913841247559e+01 -4.129999999999999782e-01
1.047952890396118164e+01 -4.129999999999999782e-01
1.053559279441833496e+01 -4.132000000000000117e-01
1.059252715110778809e+01 -4.128000000000000003e-01
1.063541507720947266e+01 -4.129999999999999782e-01
1.069234395027160645e+01 -4.126000000000000223e-01
1.073529100418090820e+01 -4.129999999999999782e-01
1.079131317138671875e+01 -4.126000000000000223e-01
1.083427405357360840e+01 -4.131000000000000227e-01
1.089123797416687012e+01 -4.128000000000000003e-01
1.093324208259582520e+01 -4.129999999999999782e-01
1.099130105972290039e+01 -4.129999999999999782e-01
1.103324007987976074e+01 -4.133000000000000007e-01
1.109021306037902832e+01 -4.129999999999999782e-01
1.113331699371337891e+01 -4.133000000000000007e-01
1.119024515151977539e+01 -4.129999999999999782e-01
1.124624705314636230e+01 -4.131000000000000227e-01
1.128922581672668457e+01 -4.131000000000000227e-01
1.134621787071228027e+01 -4.132000000000000117e-01
1.138918399810791016e+01 -4.131000000000000227e-01
1.144622516632080078e+01 -4.131000000000000227e-01
1.148819398880004883e+01 -4.131000000000000227e-01
1.154518389701843262e+01 -4.131000000000000227e-01
1.158816981315612793e+01 -4.132000000000000117e-01
1.164417600631713867e+01 -4.129999999999999782e-01
1.168723392486572266e+01 -4.132000000000000117e-01
1.174415707588195801e+01 -4.129999999999999782e-01
1.178717303276062012e+01 -4.131000000000000227e-01
1.184414505958557129e+01 -4.129999999999999782e-01
1.188613390922546387e+01 -4.132000000000000117e-01
1.194311904907226562e+01 -4.129999999999999782e-01
1.198612499237060547e+01 -4.132000000000000117e-01
1.204309797286987305e+01 -4.128000000000000003e-01
1.210010218620300293e+01 -4.133000000000000007e-01
1.214211392402648926e+01 -4.128999999999999893e-01
1.219910287857055664e+01 -4.133000000000000007e-01
1.224210095405578613e+01 -4.128999999999999893e-01
1.229910016059875488e+01 -4.132000000000000117e-01
1.234208607673645020e+01 -4.131000000000000227e-01
1.239808917045593262e+01 -4.132000000000000117e-01
1.244107580184936523e+01 -4.131000000000000227e-01
1.249806714057922363e+01 -4.133000000000000007e-01
1.254005193710327148e+01 -4.128000000000000003e-01
1.259706997871398926e+01 -4.131000000000000227e-01
1.264006209373474121e+01 -4.129999999999999782e-01
1.269704484939575195e+01 -4.131000000000000227e-01
1.273903107643127441e+01 -4.131000000000000227e-01
1.279625797271728516e+01 -4.131000000000000227e-01
1.283909702301025391e+01 -4.131000000000000227e-01
1.289606499671936035e+01 -4.131000000000000227e-01
1.293903303146362305e+01 -4.129999999999999782e-01
1.299503898620605469e+01 -4.128999999999999893e-01
1.305205702781677246e+01 -4.129999999999999782e-01
1.309499216079711914e+01 -4.128999999999999893e-01
1.315203809738159180e+01 -4.131000000000000227e-01
1.319508504867553711e+01 -4.128999999999999893e-01
1.325202703475952148e+01 -4.133000000000000007e-01
1.329398894309997559e+01 -4.131000000000000227e-01
1.335098314285278320e+01 -4.133000000000000007e-01
1.339401483535766602e+01 -4.131000000000000227e-01
1.344997692108154297e+01 -4.131000000000000227e-01
1.349296617507934570e+01 -4.129999999999999782e-01
1.354995799064636230e+01 -4.132000000000000117e-01
1.359296202659606934e+01 -4.129999999999999782e-01
1.364994287490844727e+01 -4.133000000000000007e-01
1.369193482398986816e+01 -4.131000000000000227e-01
1.374893999099731445e+01 -4.133999999999999897e-01
1.379195094108581543e+01 -4.131000000000000227e-01
1.384893512725830078e+01 -4.133000000000000007e-01
1.389090919494628906e+01 -4.132000000000000117e-01
1.394791793823242188e+01 -4.131000000000000227e-01
1.400491905212402344e+01 -4.129999999999999782e-01
1.404790806770324707e+01 -4.132000000000000117e-01
1.410489106178283691e+01 -4.129999999999999782e-01
1.414688086509704590e+01 -4.131000000000000227e-01
1.420389485359191895e+01 -4.132000000000000117e-01
1.424691915512084961e+01 -4.128999999999999893e-01
1.430393910408020020e+01 -4.132000000000000117e-01
1.434590792655944824e+01 -4.129999999999999782e-01
1.440288615226745605e+01 -4.131000000000000227e-01
1.444588613510131836e+01 -4.129999999999999782e-01
1.450284695625305176e+01 -4.132000000000000117e-01
1.454587411880493164e+01 -4.131000000000000227e-01
1.460185098648071289e+01 -4.132000000000000117e-01
1.464490318298339844e+01 -4.128999999999999893e-01
1.470209193229675293e+01 -4.131000000000000227e-01
1.475897216796875000e+01 -4.128999999999999893e-01
1.480087590217590332e+01 -4.131000000000000227e-01
1.485784006118774414e+01 -4.129999999999999782e-01
1.490083599090576172e+01 -4.132000000000000117e-01
1.495784401893615723e+01 -4.131000000000000227e-01
1.500083017349243164e+01 -4.133000000000000007e-01
1.505680513381958008e+01 -4.129999999999999782e-01
1.509978795051574707e+01 -4.133000000000000007e-01
1.515677785873413086e+01 -4.132000000000000117e-01
1.519982886314392090e+01 -4.132000000000000117e-01
1.525679707527160645e+01 -4.131000000000000227e-01
1.529876804351806641e+01 -4.131000000000000227e-01
1.535577702522277832e+01 -4.131000000000000227e-01
1.539876604080200195e+01 -4.131000000000000227e-01
1.545576500892639160e+01 -4.132000000000000117e-01
1.549775290489196777e+01 -4.132000000000000117e-01
1.555472898483276367e+01 -4.131000000000000227e-01
1.559774780273437500e+01 -4.129999999999999782e-01
1.565476489067077637e+01 -4.132000000000000117e-01
1.569676303863525391e+01 -4.129999999999999782e-01
1.575379920005798340e+01 -4.132000000000000117e-01
1.579672598838806152e+01 -4.132000000000000117e-01
1.585373306274414062e+01 -4.133999999999999897e-01
1.590972113609313965e+01 -4.128999999999999893e-01
1.595269107818603516e+01 -4.133999999999999897e-01
1.600981593132019043e+01 -4.128999999999999893e-01
1.605269122123718262e+01 -4.133999999999999897e-01
1.610974717140197754e+01 -4.131000000000000227e-01
1.615170598030090332e+01 -4.133999999999999897e-01
1.620869398117065430e+01 -4.129999999999999782e-01
1.625173401832580566e+01 -4.133999999999999897e-01
1.630868196487426758e+01 -4.128999999999999893e-01
1.635064697265625000e+01 -4.133000000000000007e-01
1.640769910812377930e+01 -4.131000000000000227e-01
1.645066499710083008e+01 -4.132000000000000117e-01
1.650773119926452637e+01 -4.131000000000000227e-01
1.655064010620117188e+01 -4.133999999999999897e-01
1.660668683052062988e+01 -4.129999999999999782e-01
1.664965391159057617e+01 -4.133999999999999897e-01
1.670665788650512695e+01 -4.131000000000000227e-01
1.674960994720458984e+01 -4.133000000000000007e-01
1.680662894248962402e+01 -4.133000000000000007e-01
1.686260509490966797e+01 -4.133000000000000007e-01
1.690560698509216309e+01 -4.132000000000000117e-01
1.696259498596191406e+01 -4.132000000000000117e-01
1.700459408760070801e+01 -4.132000000000000117e-01
1.706259608268737793e+01 -4.132000000000000117e-01
1.710462617874145508e+01 -4.133000000000000007e-01
1.716157293319702148e+01 -4.132000000000000117e-01
1.720457482337951660e+01 -4.133000000000000007e-01
1.726060891151428223e+01 -4.132000000000000117e-01
1.730355715751647949e+01 -4.133999999999999897e-01
1.736055898666381836e+01 -4.129999999999999782e-01
1.740352988243103027e+01 -4.133999999999999897e-01
1.746056795120239258e+01 -4.129999999999999782e-01
1.750253295898437500e+01 -4.133999999999999897e-01
1.755953288078308105e+01 -4.132000000000000117e-01
1.760254502296447754e+01 -4.133999999999999897e-01
1.765955090522766113e+01 -4.132000000000000117e-01
1.770152688026428223e+01 -4.134999999999999787e-01
1.775853419303894043e+01 -4.133999999999999897e-01
1.781551718711853027e+01 -4.133999999999999897e-01
1.785851311683654785e+01 -4.133000000000000007e-01
1.791549301147460938e+01 -4.133000000000000007e-01
1.795747399330139160e+01 -4.132000000000000117e-01
1.801447701454162598e+01 -4.133999999999999897e-01
1.805749106407165527e+01 -4.133000000000000007e-01
1.811450004577636719e+01 -4.133999999999999897e-01
1.815647602081298828e+01 -4.133999999999999897e-01
1.821347594261169434e+01 -4.133000000000000007e-01
1.825649809837341309e+01 -4.132000000000000117e-01
1.831347012519836426e+01 -4.133999999999999897e-01
1.835645008087158203e+01 -4.133999999999999897e-01
1.841245198249816895e+01 -4.132000000000000117e-01
1.845544600486755371e+01 -4.133999999999999897e-01
1.851246309280395508e+01 -4.132000000000000117e-01
1.856943106651306152e+01 -4.133000000000000007e-01
1.861141896247863770e+01 -4.132000000000000117e-01
1.866841316223144531e+01 -4.133000000000000007e-01
1.871139502525329590e+01 -4.131000000000000227e-01
1.876847887039184570e+01 -4.133000000000000007e-01
1.881140112876892090e+01 -4.131000000000000227e-01
1.886744809150695801e+01 -4.134999999999999787e-01
1.891039085388183594e+01 -4.129999999999999782e-01
1.896756601333618164e+01 -4.133999999999999897e-01
1.901040506362915039e+01 -4.131000000000000227e-01
1.906641101837158203e+01 -4.133999999999999897e-01
1.910937809944152832e+01 -4.131000000000000227e-01
1.916636204719543457e+01 -4.133999999999999897e-01
1.920940113067626953e+01 -4.129999999999999782e-01
1.926639199256896973e+01 -4.133000000000000007e-01
1.930836606025695801e+01 -4.132000000000000117e-01
1.936533999443054199e+01 -4.136000000000000232e-01
1.940834498405456543e+01 -4.131000000000000227e-01
1.946563506126403809e+01 -4.131000000000000227e-01
1.952239990234375000e+01 -4.132000000000000117e-01
1.956434297561645508e+01 -4.132000000000000117e-01
1.962147903442382812e+01 -4.131000000000000227e-01
1.966448807716369629e+01 -4.133000000000000007e-01
1.972162199020385742e+01 -4.133999999999999897e-01
1.976366996765136719e+01 -4.133999999999999897e-01
1.982062506675720215e+01 -4.132000000000000117e-01
1.986360907554626465e+01 -4.128999999999999893e-01
1.992065000534057617e+01 -4.133999999999999897e-01
1.996259713172912598e+01 -4.129999999999999782e-01
2.001962304115295410e+01 -4.133000000000000007e-01
2.006264901161193848e+01 -4.129999999999999782e-01
2.011965990066528320e+01 -4.132000000000000117e-01
2.016166496276855469e+01 -4.128999999999999893e-01
2.021861910820007324e+01 -4.132000000000000117e-01
2.026162695884704590e+01 -4.128999999999999893e-01
2.031866598129272461e+01 -4.133000000000000007e-01
2.037555289268493652e+01 -4.132000000000000117e-01
2.041756510734558105e+01 -4.133000000000000007e-01
2.047458910942077637e+01 -4.131000000000000227e-01
2.051749610900878906e+01 -4.133999999999999897e-01
2.057450699806213379e+01 -4.131000000000000227e-01
2.061737203598022461e+01 -4.133999999999999897e-01
2.067341208457946777e+01 -4.133000000000000007e-01
2.071624994277954102e+01 -4.133000000000000007e-01
2.077327609062194824e+01 -4.132000000000000117e-01
2.081522393226623535e+01 -4.133999999999999897e-01
2.087321305274963379e+01 -4.133000000000000007e-01
2.091521716117858887e+01 -4.133000000000000007e-01
2.097224593162536621e+01 -4.133999999999999897e-01
2.101520299911499023e+01 -4.133000000000000007e-01
2.107115101814270020e+01 -4.133999999999999897e-01
2.111424708366394043e+01 -4.133000000000000007e-01
2.117118716239929199e+01 -4.136000000000000232e-01
2.122815299034118652e+01 -4.133000000000000007e-01
2.127117204666137695e+01 -4.134999999999999787e-01
2.132717514038085938e+01 -4.131000000000000227e-01
2.137015390396118164e+01 -4.136000000000000232e-01
2.142719006538391113e+01 -4.132000000000000117e-01
2.147012019157409668e+01 -4.133000000000000007e-01
2.152612304687500000e+01 -4.129999999999999782e-01
2.156911611557006836e+01 -4.133999999999999897e-01
2.162610292434692383e+01 -4.131000000000000227e-01
2.166914200782775879e+01 -4.133999999999999897e-01
2.172613811492919922e+01 -4.129999999999999782e-01
2.176811099052429199e+01 -4.136000000000000232e-01
2.182507801055908203e+01 -4.131000000000000227e-01
2.186807799339294434e+01 -4.133999999999999897e-01
2.192508602142333984e+01 -4.131000000000000227e-01
2.196707391738891602e+01 -4.133000000000000007e-01
2.202404594421386719e+01 -4.133000000000000007e-01
2.206705498695373535e+01 -4.132000000000000117e-01
2.212404799461364746e+01 -4.132000000000000117e-01
2.218103790283203125e+01 -4.131000000000000227e-01
2.222306394577026367e+01 -4.133000000000000007e-01
2.228006100654602051e+01 -4.133000000000000007e-01
2.232304000854492188e+01 -4.133999999999999897e-01
2.238003492355346680e+01 -4.133000000000000007e-01
2.242202305793762207e+01 -4.133999999999999897e-01
2.247904300689697266e+01 -4.136000000000000232e-01
2.252200913429260254e+01 -4.136000000000000232e-01
2.257903099060058594e+01 -4.133000000000000007e-01
2.262104201316833496e+01 -4.133999999999999897e-01
2.267801690101623535e+01 -4.131000000000000227e-01
2.272099709510803223e+01 -4.133999999999999897e-01
2.277805709838867188e+01 -4.131000000000000227e-01
2.282097983360290527e+01 -4.134999999999999787e-01
2.287696504592895508e+01 -4.133000000000000007e-01
2.291998505592346191e+01 -4.133999999999999897e-01
2.297707200050354004e+01 -4.131000000000000227e-01
2.303397011756896973e+01 -4.134999999999999787e-01
2.307696604728698730e+01 -4.131000000000000227e-01
2.313296294212341309e+01 -4.133000000000000007e-01
2.317593789100646973e+01 -4.131000000000000227e-01
2.323293304443359375e+01 -4.133999999999999897e-01
2.327600002288818359e+01 -4.133000000000000007e-01
2.333193111419677734e+01 -4.133999999999999897e-01
2.337493014335632324e+01 -4.132000000000000117e-01
2.343191385269165039e+01 -4.133000000000000007e-01
2.347489500045776367e+01 -4.133000000000000007e-01
2.353188705444335938e+01 -4.133000000000000007e-01
2.357390713691711426e+01 -4.133999999999999897e-01
2.363089394569396973e+01 -4.133000000000000007e-01
2.367387318611145020e+01 -4.134999999999999787e-01
2.373091697692871094e+01 -4.133000000000000007e-01
2.377290487289428711e+01 -4.133999999999999897e-01
2.382988786697387695e+01 -4.131000000000000227e-01
2.388690805435180664e+01 -4.133999999999999897e-01
2.392986893653869629e+01 -4.131000000000000227e-01
2.398687601089477539e+01 -4.133000000000000007e-01
2.402886795997619629e+01 -4.129999999999999782e-01
2.408586001396179199e+01 -4.134999999999999787e-01
2.412885189056396484e+01 -4.131000000000000227e-01
2.418583297729492188e+01 -4.134999999999999787e-01
2.422783398628234863e+01 -4.132000000000000117e-01
2.428483796119689941e+01 -4.133999999999999897e-01
2.432782721519470215e+01 -4.131000000000000227e-01
2.438481092453002930e+01 -4.133999999999999897e-01
2.442682790756225586e+01 -4.132000000000000117e-01
2.448379516601562500e+01 -4.136000000000000232e-01
2.452679586410522461e+01 -4.133000000000000007e-01
2.458383297920227051e+01 -4.137000000000000122e-01
2.462580704689025879e+01 -4.132000000000000117e-01
2.468276405334472656e+01 -4.134999999999999787e-01
2.472576403617858887e+01 -4.133999999999999897e-01
2.478279995918273926e+01 -4.133999999999999897e-01
2.482477521896362305e+01 -4.133000000000000007e-01
2.488175415992736816e+01 -4.133000000000000007e-01
2.493878698348999023e+01 -4.133999999999999897e-01
2.498175716400146484e+01 -4.132000000000000117e-01
2.503873085975646973e+01 -4.133999999999999897e-01
2.508073425292968750e+01 -4.132000000000000117e-01
2.513773608207702637e+01 -4.133999999999999897e-01
2.518073582649230957e+01 -4.132000000000000117e-01
2.523770999908447266e+01 -4.136000000000000232e-01
2.528072118759155273e+01 -4.132000000000000117e-01
2.533669900894165039e+01 -4.134999999999999787e-01
2.537970304489135742e+01 -4.133000000000000007e-01
2.543669390678405762e+01 -4.134999999999999787e-01
2.547969293594360352e+01 -4.133000000000000007e-01
2.553667712211608887e+01 -4.136000000000000232e-01
2.557873296737670898e+01 -4.129999999999999782e-01
2.563569402694702148e+01 -4.134999999999999787e-01
2.569266200065612793e+01 -4.133000000000000007e-01
2.573566198348999023e+01 -4.133999999999999897e-01
2.579175996780395508e+01 -4.133999999999999897e-01
2.583467316627502441e+01 -4.137000000000000122e-01
2.589165711402893066e+01 -4.133999999999999897e-01
2.593464899063110352e+01 -4.136000000000000232e-01
2.599168205261230469e+01 -4.133000000000000007e-01
2.603362917900085449e+01 -4.136000000000000232e-01
2.609061193466186523e+01 -4.133999999999999897e-01
2.613371419906616211e+01 -4.134999999999999787e-01
2.619068002700805664e+01 -4.133999999999999897e-01
2.623263311386108398e+01 -4.134999999999999787e-01
2.628963017463684082e+01 -4.133999999999999897e-01
2.633262991905212402e+01 -4.133999999999999897e-01
2.638961911201477051e+01 -4.133000000000000007e-01
2.643158793449401855e+01 -4.134999999999999787e-01
2.648859310150146484e+01 -4.134999999999999787e-01
2.654557681083679199e+01 -4.131000000000000227e-01
2.658863615989685059e+01 -4.137000000000000122e-01
2.664560818672180176e+01 -4.132000000000000117e-01
2.668756198883056641e+01 -4.134999999999999787e-01
2.674458098411560059e+01 -4.133999999999999897e-01
2.678757405281066895e+01 -4.134999999999999787e-01
2.684456801414489746e+01 -4.133999999999999897e-01
2.688655900955200195e+01 -4.136000000000000232e-01
2.694357180595397949e+01 -4.133000000000000007e-01
2.698659491539001465e+01 -4.136000000000000232e-01
2.704355716705322266e+01 -4.133000000000000007e-01
2.708654308319091797e+01 -4.136000000000000232e-01
2.714252901077270508e+01 -4.132000000000000117e-01
2.718550896644592285e+01 -4.136000000000000232e-01
2.724251699447631836e+01 -4.133999999999999897e-01
2.728554701805114746e+01 -4.137000000000000122e-01
2.734250116348266602e+01 -4.133999999999999897e-01
2.739849996566772461e+01 -4.134999999999999787e-01
2.744149184226989746e+01 -4.133999999999999897e-01
2.749848890304565430e+01 -4.137000000000000122e-01
2.754149603843688965e+01 -4.134999999999999787e-01
2.759748816490173340e+01 -4.136000000000000232e-01
2.764047503471374512e+01 -4.136000000000000232e-01
2.769746708869934082e+01 -4.134999999999999787e-01
2.774044609069824219e+01 -4.136000000000000232e-01
2.779749298095703125e+01 -4.134999999999999787e-01
2.783945488929748535e+01 -4.136000000000000232e-01
2.789644193649291992e+01 -4.132000000000000117e-01
2.793945789337158203e+01 -4.137000000000000122e-01
2.799643898010253906e+01 -4.134999999999999787e-01
2.803842496871948242e+01 -4.136000000000000232e-01
2.809540200233459473e+01 -4.133999999999999897e-01
2.813843488693237305e+01 -4.137000000000000122e-01
2.819541001319885254e+01 -4.133000000000000007e-01
2.825244402885437012e+01 -4.136000000000000232e-01
2.829443097114562988e+01 -4.133999999999999897e-01
2.835140490531921387e+01 -4.137000000000000122e-01
2.839439988136291504e+01 -4.133999999999999897e-01
2.845139288902282715e+01 -4.138000000000000012e-01
2.849336910247802734e+01 -4.133000000000000007e-01
2.855035519599914551e+01 -4.136000000000000232e-01
2.859335303306579590e+01 -4.133999999999999897e-01
2.865036606788635254e+01 -4.138000000000000012e-01
2.869234395027160645e+01 -4.134999999999999787e-01
2.874934911727905273e+01 -4.136000000000000232e-01
2.879233407974243164e+01 -4.134999999999999787e-01
2.884934496879577637e+01 -4.134999999999999787e-01
2.889133787155151367e+01 -4.133999999999999897e-01
2.894835495948791504e+01 -4.134999999999999787e-01
2.899131989479064941e+01 -4.136000000000000232e-01
2.904832291603088379e+01 -4.134999999999999787e-01
2.910535502433776855e+01 -4.136000000000000232e-01
2.914732003211975098e+01 -4.133999999999999897e-01
2.920429611206054688e+01 -4.136000000000000232e-01
2.924729800224304199e+01 -4.133999999999999897e-01
2.930433917045593262e+01 -4.138999999999999901e-01
2.934630608558654785e+01 -4.133999999999999897e-01
2.940333604812622070e+01 -4.136000000000000232e-01
2.944631290435791016e+01 -4.134999999999999787e-01
2.950326704978942871e+01 -4.137000000000000122e-01
2.954628181457519531e+01 -4.133999999999999897e-01
2.960225391387939453e+01 -4.137000000000000122e-01
2.964537906646728516e+01 -4.132000000000000117e-01
2.970248484611511230e+01 -4.138000000000000012e-01
2.974550390243530273e+01 -4.132000000000000117e-01
2.980260610580444336e+01 -4.138999999999999901e-01
2.984555506706237793e+01 -4.134999999999999787e-01
2.990132284164428711e+01 -4.137000000000000122e-01
2.994437122344970703e+01 -4.134999999999999787e-01
