# ./Data/BW2025-02-07_15:55:39_LCal2_BNC.txt
# Duration (in s): 30
# Pointing Position of the Horn: Sky
# Angle pointing (from horizontal perpendicular to supporting axis): 48.70
# Angle pointing (from horizontal parallel to supporting axis):  NA
# Calibrator used: YES
# Temperature Outside (in celcius): 25.4
# Temperature of the calibrator (in celcius): Low
# Weather: very clear
# Units: Volts
5.602836608886718750e-05 -9.010000000000000231e-01
6.270718574523925781e-02 -9.036999999999999478e-01
1.045711040496826172e-01 -9.062999999999999945e-01
1.616733074188232422e-01 -9.053999999999999826e-01
2.046172618865966797e-01 -9.044999999999999707e-01
2.616600990295410156e-01 -9.046999999999999487e-01
3.037881851196289062e-01 -9.044999999999999707e-01
3.609173297882080078e-01 -9.050000000000000266e-01
4.038283824920654297e-01 -9.053999999999999826e-01
4.607572555541992188e-01 -9.052000000000000046e-01
5.026302337646484375e-01 -9.048000000000000487e-01
5.597202777862548828e-01 -9.052000000000000046e-01
6.168403625488281250e-01 -9.046999999999999487e-01
6.597743034362792969e-01 -9.052000000000000046e-01
7.167201042175292969e-01 -9.053999999999999826e-01
7.587850093841552734e-01 -9.048000000000000487e-01
8.158702850341796875e-01 -9.046999999999999487e-01
8.587520122528076172e-01 -9.052999999999999936e-01
9.157812595367431641e-01 -9.046999999999999487e-01
9.584963321685791016e-01 -9.052000000000000046e-01
1.015498399734497070e+00 -9.048000000000000487e-01
1.057439327239990234e+00 -9.054999999999999716e-01
1.114462375640869141e+00 -9.054999999999999716e-01
1.157481193542480469e+00 -9.054999999999999716e-01
1.213529109954833984e+00 -9.049000000000000377e-01
1.256445169448852539e+00 -9.032000000000000028e-01
1.313427209854125977e+00 -9.016999999999999460e-01
1.356433153152465820e+00 -8.990000000000000213e-01
1.413408994674682617e+00 -8.971000000000000085e-01
1.469441175460815430e+00 -8.958000000000000407e-01
1.512397050857543945e+00 -8.960000000000000187e-01
1.569398164749145508e+00 -8.955999999999999517e-01
1.612470149993896484e+00 -8.955999999999999517e-01
1.669424295425415039e+00 -8.954999999999999627e-01
1.711465358734130859e+00 -8.954999999999999627e-01
1.768402338027954102e+00 -8.954999999999999627e-01
1.811395168304443359e+00 -8.958000000000000407e-01
1.868599176406860352e+00 -8.955999999999999517e-01
1.910674333572387695e+00 -8.964999999999999636e-01
1.967621088027954102e+00 -8.959000000000000297e-01
2.010559320449829102e+00 -8.972999999999999865e-01
2.067562341690063477e+00 -8.971999999999999975e-01
2.109541177749633789e+00 -8.984999999999999654e-01
2.166559219360351562e+00 -8.977000000000000535e-01
2.209594249725341797e+00 -8.973999999999999755e-01
2.266497135162353516e+00 -9.044999999999999707e-01
2.323526144027709961e+00 -9.106999999999999540e-01
2.365475177764892578e+00 -9.042999999999999927e-01
2.422472238540649414e+00 -8.904999999999999583e-01
2.465531110763549805e+00 -8.831999999999999851e-01
2.522466182708740234e+00 -8.937000000000000499e-01
2.564463138580322266e+00 -9.095999999999999641e-01
2.621544361114501953e+00 -9.162000000000000144e-01
2.664295196533203125e+00 -9.257999999999999563e-01
2.721462011337280273e+00 -9.283000000000000140e-01
2.763322114944458008e+00 -9.292000000000000259e-01
2.820371150970458984e+00 -9.290000000000000480e-01
2.863313198089599609e+00 -9.287999999999999590e-01
2.920289039611816406e+00 -9.292000000000000259e-01
2.962307214736938477e+00 -9.298999999999999488e-01
3.020272254943847656e+00 -9.301000000000000378e-01
3.062241077423095703e+00 -9.304000000000000048e-01
3.119220256805419922e+00 -9.306999999999999718e-01
3.176247119903564453e+00 -9.311000000000000387e-01
3.218271255493164062e+00 -9.315999999999999837e-01
3.275235176086425781e+00 -9.317999999999999616e-01
3.318216323852539062e+00 -9.314000000000000057e-01
3.375242948532104492e+00 -9.317999999999999616e-01
3.417210102081298828e+00 -9.320000000000000506e-01
3.474201202392578125e+00 -9.326999999999999735e-01
3.517200231552124023e+00 -9.325999999999999845e-01
3.574179172515869141e+00 -9.324999999999999956e-01
3.617248296737670898e+00 -9.324000000000000066e-01
3.674179077148437500e+00 -9.331000000000000405e-01
3.716282129287719727e+00 -9.325999999999999845e-01
3.773203372955322266e+00 -9.330000000000000515e-01
3.816171169281005859e+00 -9.331000000000000405e-01
3.873218059539794922e+00 -9.332000000000000295e-01
3.915137052536010742e+00 -9.331000000000000405e-01
3.972133159637451172e+00 -9.335999999999999854e-01
4.015164136886596680e+00 -9.332000000000000295e-01
4.072151184082031250e+00 -9.335999999999999854e-01
4.114144325256347656e+00 -9.334999999999999964e-01
4.171472072601318359e+00 -9.334000000000000075e-01
4.214233160018920898e+00 -9.335999999999999854e-01
4.271156311035156250e+00 -9.334999999999999964e-01
4.328119039535522461e+00 -9.338999999999999524e-01
4.370141267776489258e+00 -9.334999999999999964e-01
4.427117109298706055e+00 -9.336999999999999744e-01
4.470100164413452148e+00 -9.332000000000000295e-01
4.527079105377197266e+00 -9.342000000000000304e-01
4.569080114364624023e+00 -9.333000000000000185e-01
4.626122951507568359e+00 -9.334999999999999964e-01
4.669085264205932617e+00 -9.335999999999999854e-01
4.726089239120483398e+00 -9.338999999999999524e-01
4.768101215362548828e+00 -9.340000000000000524e-01
4.825069189071655273e+00 -9.344999999999999973e-01
4.868058204650878906e+00 -9.344000000000000083e-01
4.925043344497680664e+00 -9.353000000000000203e-01
4.968033075332641602e+00 -9.353000000000000203e-01
5.024042367935180664e+00 -9.358999999999999542e-01
5.067052125930786133e+00 -9.355999999999999872e-01
5.124039173126220703e+00 -9.361000000000000432e-01
5.167018175125122070e+00 -9.354999999999999982e-01
5.224091291427612305e+00 -9.358999999999999542e-01
5.266030073165893555e+00 -9.358999999999999542e-01
5.323014259338378906e+00 -9.361000000000000432e-01
5.380011081695556641e+00 -9.360000000000000542e-01
5.423021078109741211e+00 -9.361000000000000432e-01
5.479014158248901367e+00 -9.362000000000000322e-01
5.521975040435791016e+00 -9.364999999999999991e-01
5.579058170318603516e+00 -9.366999999999999771e-01
5.621986150741577148e+00 -9.361000000000000432e-01
5.678999185562133789e+00 -9.365999999999999881e-01
5.721022367477416992e+00 -9.364000000000000101e-01
5.777987241744995117e+00 -9.364999999999999991e-01
5.820958375930786133e+00 -9.364999999999999991e-01
5.877969264984130859e+00 -9.366999999999999771e-01
5.919956207275390625e+00 -9.363000000000000211e-01
5.977055311203002930e+00 -9.365999999999999881e-01
6.019948005676269531e+00 -9.365999999999999881e-01
6.076974153518676758e+00 -9.368999999999999551e-01
6.118950128555297852e+00 -9.366999999999999771e-01
6.175909280776977539e+00 -9.371000000000000441e-01
6.218917131423950195e+00 -9.370000000000000551e-01
6.275955200195312500e+00 -9.372000000000000330e-01
6.318900346755981445e+00 -9.372000000000000330e-01
6.374939203262329102e+00 -9.370000000000000551e-01
6.431907176971435547e+00 -9.365999999999999881e-01
6.474928140640258789e+00 -9.372000000000000330e-01
6.531892299652099609e+00 -9.368999999999999551e-01
6.574911355972290039e+00 -9.375000000000000000e-01
6.630868196487426758e+00 -9.372000000000000330e-01
6.673922061920166016e+00 -9.367999999999999661e-01
6.730914115905761719e+00 -9.365999999999999881e-01
6.772853374481201172e+00 -9.367999999999999661e-01
6.829844236373901367e+00 -9.368999999999999551e-01
6.872866153717041016e+00 -9.371000000000000441e-01
6.929857015609741211e+00 -9.370000000000000551e-01
6.971845149993896484e+00 -9.370000000000000551e-01
7.028844118118286133e+00 -9.373000000000000220e-01
7.071840286254882812e+00 -9.377999999999999670e-01
7.128831386566162109e+00 -9.386999999999999789e-01
7.171818256378173828e+00 -9.392000000000000348e-01
7.227965354919433594e+00 -9.396999999999999797e-01
7.284943103790283203e+00 -9.393000000000000238e-01
7.327841043472290039e+00 -9.394000000000000128e-01
7.384811162948608398e+00 -9.393000000000000238e-01
7.427797317504882812e+00 -9.395999999999999908e-01
7.484835147857666016e+00 -9.394000000000000128e-01
7.526808023452758789e+00 -9.397999999999999687e-01
7.583790063858032227e+00 -9.393000000000000238e-01
7.626798152923583984e+00 -9.399999999999999467e-01
7.682870149612426758e+00 -9.393000000000000238e-01
7.725766181945800781e+00 -9.397999999999999687e-01
7.782754182815551758e+00 -9.393000000000000238e-01
7.825857162475585938e+00 -9.395999999999999908e-01
7.882773399353027344e+00 -9.395999999999999908e-01
7.924784183502197266e+00 -9.394000000000000128e-01
7.981737375259399414e+00 -9.392000000000000348e-01
8.024759054183959961e+00 -9.402000000000000357e-01
8.081727981567382812e+00 -9.401000000000000467e-01
8.124721288681030273e+00 -9.407999999999999696e-01
8.180719137191772461e+00 -9.405999999999999917e-01
8.237750053405761719e+00 -9.405999999999999917e-01
8.280805110931396484e+00 -9.409999999999999476e-01
8.337718009948730469e+00 -9.414000000000000146e-01
8.379708290100097656e+00 -9.414000000000000146e-01
8.436697244644165039e+00 -9.415000000000000036e-01
8.479752302169799805e+00 -9.412000000000000366e-01
8.536708116531372070e+00 -9.413000000000000256e-01
8.578675270080566406e+00 -9.413000000000000256e-01
8.635666131973266602e+00 -9.408999999999999586e-01
8.678752422332763672e+00 -9.414000000000000146e-01
8.735723972320556641e+00 -9.408999999999999586e-01
8.778724193572998047e+00 -9.413000000000000256e-01
8.834655284881591797e+00 -9.409999999999999476e-01
8.877677202224731445e+00 -9.409999999999999476e-01
8.934655189514160156e+00 -9.407999999999999696e-01
8.991635322570800781e+00 -9.411000000000000476e-01
9.033641338348388672e+00 -9.408999999999999586e-01
9.090670108795166016e+00 -9.411000000000000476e-01
9.133636236190795898e+00 -9.409999999999999476e-01
9.190648078918457031e+00 -9.412000000000000366e-01
9.233610391616821289e+00 -9.411000000000000476e-01
9.289635181427001953e+00 -9.409999999999999476e-01
9.332604169845581055e+00 -9.408999999999999586e-01
9.389627218246459961e+00 -9.413000000000000256e-01
9.432590246200561523e+00 -9.409999999999999476e-01
9.489668130874633789e+00 -9.409999999999999476e-01
9.531600236892700195e+00 -9.411000000000000476e-01
9.588585376739501953e+00 -9.409999999999999476e-01
9.631598234176635742e+00 -9.409999999999999476e-01
9.688556194305419922e+00 -9.412000000000000366e-01
9.730594158172607422e+00 -9.408999999999999586e-01
9.787631273269653320e+00 -9.411000000000000476e-01
9.830564260482788086e+00 -9.412000000000000366e-01
9.887672185897827148e+00 -9.412000000000000366e-01
9.929863214492797852e+00 -9.408999999999999586e-01
9.986975193023681641e+00 -9.409999999999999476e-01
1.002983236312866211e+01 -9.409999999999999476e-01
1.008693122863769531e+01 -9.412000000000000366e-01
1.014391922950744629e+01 -9.413000000000000256e-01
1.018581223487854004e+01 -9.407999999999999696e-01
1.024286413192749023e+01 -9.408999999999999586e-01
1.028583431243896484e+01 -9.407999999999999696e-01
1.034289312362670898e+01 -9.413000000000000256e-01
1.038477635383605957e+01 -9.408999999999999586e-01
1.044195318222045898e+01 -9.411000000000000476e-01
1.048483037948608398e+01 -9.409999999999999476e-01
1.054178118705749512e+01 -9.412000000000000366e-01
1.058377313613891602e+01 -9.409999999999999476e-01
1.064085221290588379e+01 -9.413000000000000256e-01
1.068370914459228516e+01 -9.413000000000000256e-01
1.074071216583251953e+01 -9.413000000000000256e-01
1.078276824951171875e+01 -9.411000000000000476e-01
1.084078717231750488e+01 -9.415000000000000036e-01
1.088273024559020996e+01 -9.411000000000000476e-01
1.093946695327758789e+01 -9.409999999999999476e-01
1.098247909545898438e+01 -9.408999999999999586e-01
1.103844714164733887e+01 -9.408999999999999586e-01
1.109555196762084961e+01 -9.407999999999999696e-01
1.113848233222961426e+01 -9.405999999999999917e-01
1.119545531272888184e+01 -9.409999999999999476e-01
1.123744416236877441e+01 -9.406999999999999806e-01
1.129444909095764160e+01 -9.406999999999999806e-01
1.133741211891174316e+01 -9.408999999999999586e-01
1.139444518089294434e+01 -9.413000000000000256e-01
1.143741106986999512e+01 -9.408999999999999586e-01
1.149342632293701172e+01 -9.409999999999999476e-01
1.153639030456542969e+01 -9.408999999999999586e-01
1.159349417686462402e+01 -9.411000000000000476e-01
1.163638806343078613e+01 -9.407999999999999696e-01
1.169341826438903809e+01 -9.414000000000000146e-01
1.173539710044860840e+01 -9.409999999999999476e-01
1.179235625267028809e+01 -9.414000000000000146e-01
1.183534312248229980e+01 -9.405000000000000027e-01
1.189240026473999023e+01 -9.415000000000000036e-01
1.193539404869079590e+01 -9.405999999999999917e-01
1.199135422706604004e+01 -9.407999999999999696e-01
1.204835820198059082e+01 -9.407999999999999696e-01
1.209132003784179688e+01 -9.408999999999999586e-01
1.214836621284484863e+01 -9.405999999999999917e-01
1.219035530090332031e+01 -9.407999999999999696e-01
1.224739503860473633e+01 -9.408999999999999586e-01
1.229036307334899902e+01 -9.407999999999999696e-01
1.234732794761657715e+01 -9.412000000000000366e-01
1.238929510116577148e+01 -9.406999999999999806e-01
1.244628119468688965e+01 -9.409999999999999476e-01
1.248927617073059082e+01 -9.411000000000000476e-01
1.254628515243530273e+01 -9.409999999999999476e-01
1.258827018737792969e+01 -9.407999999999999696e-01
1.264530825614929199e+01 -9.409999999999999476e-01
1.268826413154602051e+01 -9.404000000000000137e-01
1.274529409408569336e+01 -9.411000000000000476e-01
1.278827738761901855e+01 -9.407999999999999696e-01
1.284427809715270996e+01 -9.409999999999999476e-01
1.290126824378967285e+01 -9.407999999999999696e-01
1.294428634643554688e+01 -9.409999999999999476e-01
1.300138211250305176e+01 -9.407999999999999696e-01
1.304429221153259277e+01 -9.412000000000000366e-01
1.310026812553405762e+01 -9.405000000000000027e-01
1.314326119422912598e+01 -9.412000000000000366e-01
1.320036315917968750e+01 -9.408999999999999586e-01
1.324327516555786133e+01 -9.411000000000000476e-01
1.329929924011230469e+01 -9.411000000000000476e-01
1.334229922294616699e+01 -9.414000000000000146e-01
1.339931631088256836e+01 -9.412000000000000366e-01
1.344219899177551270e+01 -9.413000000000000256e-01
1.349919629096984863e+01 -9.412000000000000366e-01
1.354119133949279785e+01 -9.411000000000000476e-01
1.359823918342590332e+01 -9.408999999999999586e-01
1.364125013351440430e+01 -9.411000000000000476e-01
1.369817519187927246e+01 -9.415000000000000036e-01
1.375522923469543457e+01 -9.408999999999999586e-01
1.379730916023254395e+01 -9.409999999999999476e-01
1.385416221618652344e+01 -9.409999999999999476e-01
1.389717602729797363e+01 -9.413000000000000256e-01
1.395414328575134277e+01 -9.411000000000000476e-01
1.399618029594421387e+01 -9.409999999999999476e-01
1.405312108993530273e+01 -9.408999999999999586e-01
1.409615826606750488e+01 -9.415000000000000036e-01
1.415314626693725586e+01 -9.411000000000000476e-01
1.419518995285034180e+01 -9.413000000000000256e-01
1.425212311744689941e+01 -9.412000000000000366e-01
1.429511213302612305e+01 -9.412000000000000366e-01
1.435210013389587402e+01 -9.412000000000000366e-01
1.439511823654174805e+01 -9.414000000000000146e-01
1.445109724998474121e+01 -9.414000000000000146e-01
1.449406838417053223e+01 -9.409999999999999476e-01
1.455106520652770996e+01 -9.411000000000000476e-01
1.459410405158996582e+01 -9.407999999999999696e-01
1.465008115768432617e+01 -9.408999999999999586e-01
1.469334435462951660e+01 -9.411000000000000476e-01
1.475012302398681641e+01 -9.412000000000000366e-01
1.480708813667297363e+01 -9.413000000000000256e-01
1.485004210472106934e+01 -9.415000000000000036e-01
1.490612721443176270e+01 -9.411000000000000476e-01
1.494910526275634766e+01 -9.412000000000000366e-01
1.500617122650146484e+01 -9.413000000000000256e-01
1.504806399345397949e+01 -9.415000000000000036e-01
1.510607528686523438e+01 -9.412000000000000366e-01
1.514802217483520508e+01 -9.415000000000000036e-01
1.520517921447753906e+01 -9.413000000000000256e-01
1.524804115295410156e+01 -9.415999999999999925e-01
1.530402612686157227e+01 -9.412000000000000366e-01
1.534701895713806152e+01 -9.415999999999999925e-01
1.540406823158264160e+01 -9.411000000000000476e-01
1.544706201553344727e+01 -9.415999999999999925e-01
1.550302529335021973e+01 -9.413000000000000256e-01
1.554598712921142578e+01 -9.415000000000000036e-01
1.560303926467895508e+01 -9.415000000000000036e-01
1.564603424072265625e+01 -9.415999999999999925e-01
1.570304203033447266e+01 -9.415000000000000036e-01
1.575903511047363281e+01 -9.415999999999999925e-01
1.580198216438293457e+01 -9.411000000000000476e-01
1.585898518562316895e+01 -9.414000000000000146e-01
1.590202903747558594e+01 -9.411000000000000476e-01
1.595900535583496094e+01 -9.413000000000000256e-01
1.600096416473388672e+01 -9.414000000000000146e-01
1.605793023109436035e+01 -9.415000000000000036e-01
1.610106110572814941e+01 -9.414000000000000146e-01
1.615806722640991211e+01 -9.413000000000000256e-01
1.620001316070556641e+01 -9.415000000000000036e-01
1.625698137283325195e+01 -9.414000000000000146e-01
1.629992318153381348e+01 -9.414000000000000146e-01
1.635694122314453125e+01 -9.414000000000000146e-01
1.639895606040954590e+01 -9.412000000000000366e-01
1.645595431327819824e+01 -9.406999999999999806e-01
1.649889612197875977e+01 -9.403000000000000247e-01
1.655589914321899414e+01 -9.395999999999999908e-01
1.661292123794555664e+01 -9.394000000000000128e-01
1.665496015548706055e+01 -9.391000000000000458e-01
1.671191024780273438e+01 -9.391000000000000458e-01
1.675485730171203613e+01 -9.387999999999999678e-01
1.681185936927795410e+01 -9.386999999999999789e-01
1.685485100746154785e+01 -9.377999999999999670e-01
1.691085004806518555e+01 -9.374000000000000110e-01
1.695394420623779297e+01 -9.367999999999999661e-01
1.701086997985839844e+01 -9.358999999999999542e-01
1.705382823944091797e+01 -9.354000000000000092e-01
1.711085820198059082e+01 -9.356999999999999762e-01
1.715280628204345703e+01 -9.354999999999999982e-01
1.720987915992736816e+01 -9.358999999999999542e-01
1.725282716751098633e+01 -9.364999999999999991e-01
1.730988526344299316e+01 -9.371000000000000441e-01
1.735181427001953125e+01 -9.372000000000000330e-01
1.740880203247070312e+01 -9.375999999999999890e-01
1.746580123901367188e+01 -9.377999999999999670e-01
1.750879001617431641e+01 -9.373000000000000220e-01
1.756577301025390625e+01 -9.375000000000000000e-01
1.760777115821838379e+01 -9.370000000000000551e-01
1.766481018066406250e+01 -9.364999999999999991e-01
1.770781207084655762e+01 -9.354999999999999982e-01
1.776481199264526367e+01 -9.348999999999999533e-01
1.780674815177917480e+01 -9.327999999999999625e-01
1.786376023292541504e+01 -9.302000000000000268e-01
1.790673303604125977e+01 -9.246999999999999664e-01
1.796372723579406738e+01 -9.212000000000000188e-01
1.800575423240661621e+01 -9.164999999999999813e-01
1.806277132034301758e+01 -9.133999999999999897e-01
1.811971235275268555e+01 -9.114999999999999769e-01
1.816274523735046387e+01 -9.095999999999999641e-01
1.821975517272949219e+01 -9.046999999999999487e-01
1.826172208786010742e+01 -9.034999999999999698e-01
1.831872510910034180e+01 -8.981999999999999984e-01
1.836169624328613281e+01 -8.982999999999999874e-01
1.841872835159301758e+01 -8.971999999999999975e-01
1.846074819564819336e+01 -9.036999999999999478e-01
1.851769423484802246e+01 -9.036999999999999478e-01
1.856073212623596191e+01 -9.092999999999999972e-01
1.861766338348388672e+01 -9.078000000000000513e-01
1.866069817543029785e+01 -9.052000000000000046e-01
1.871668624877929688e+01 -9.042999999999999927e-01
1.875964522361755371e+01 -9.066999999999999504e-01
1.881664109230041504e+01 -9.068000000000000504e-01
1.887372016906738281e+01 -9.073999999999999844e-01
1.891566324234008789e+01 -9.058000000000000496e-01
1.897264313697814941e+01 -9.065999999999999615e-01
1.901563811302185059e+01 -9.052000000000000046e-01
1.907265424728393555e+01 -9.052999999999999936e-01
1.911561226844787598e+01 -9.053999999999999826e-01
1.917160320281982422e+01 -9.046999999999999487e-01
1.921462512016296387e+01 -9.053999999999999826e-01
1.927162432670593262e+01 -9.045999999999999597e-01
1.931360816955566406e+01 -9.052000000000000046e-01
1.937169218063354492e+01 -9.043999999999999817e-01
1.941362118721008301e+01 -9.055999999999999606e-01
1.947073936462402344e+01 -9.052999999999999936e-01
1.951375627517700195e+01 -9.056999999999999496e-01
1.957079434394836426e+01 -9.052999999999999936e-01
1.961275529861450195e+01 -9.053999999999999826e-01
1.966968226432800293e+01 -9.052000000000000046e-01
1.971275901794433594e+01 -9.054999999999999716e-01
1.976960420608520508e+01 -9.054999999999999716e-01
1.982662010192871094e+01 -9.055999999999999606e-01
1.986866617202758789e+01 -9.052000000000000046e-01
1.992566919326782227e+01 -9.052999999999999936e-01
1.996868300437927246e+01 -9.052000000000000046e-01
2.002482318878173828e+01 -9.052000000000000046e-01
2.006768202781677246e+01 -9.051000000000000156e-01
2.012473011016845703e+01 -9.052999999999999936e-01
2.016770315170288086e+01 -9.052000000000000046e-01
2.022475528717041016e+01 -9.053999999999999826e-01
2.026666426658630371e+01 -9.052999999999999936e-01
2.032359504699707031e+01 -9.051000000000000156e-01
2.036653733253479004e+01 -9.054999999999999716e-01
2.042364215850830078e+01 -9.051000000000000156e-01
2.046559214591979980e+01 -9.053999999999999826e-01
2.052260613441467285e+01 -9.051000000000000156e-01
2.056566500663757324e+01 -9.054999999999999716e-01
2.062251210212707520e+01 -9.051000000000000156e-01
2.067959904670715332e+01 -9.052000000000000046e-01
2.072155213356018066e+01 -9.050000000000000266e-01
2.077870011329650879e+01 -9.054999999999999716e-01
2.082161307334899902e+01 -9.053999999999999826e-01
2.087862515449523926e+01 -9.056999999999999496e-01
2.092061901092529297e+01 -9.054999999999999716e-01
2.097762918472290039e+01 -9.052999999999999936e-01
2.102053928375244141e+01 -9.052999999999999936e-01
2.107752609252929688e+01 -9.058000000000000496e-01
2.111951303482055664e+01 -9.054999999999999716e-01
2.117652225494384766e+01 -9.054999999999999716e-01
2.121959495544433594e+01 -9.056999999999999496e-01
2.127655720710754395e+01 -9.059000000000000385e-01
2.131953310966491699e+01 -9.059000000000000385e-01
2.137559318542480469e+01 -9.060000000000000275e-01
2.141849017143249512e+01 -9.053999999999999826e-01
2.147552728652954102e+01 -9.059000000000000385e-01
2.151843023300170898e+01 -9.058000000000000496e-01
2.157555198669433594e+01 -9.054999999999999716e-01
2.163151407241821289e+01 -9.059000000000000385e-01
2.167448329925537109e+01 -9.059000000000000385e-01
2.173148727416992188e+01 -9.060000000000000275e-01
2.177451324462890625e+01 -9.054999999999999716e-01
2.183151721954345703e+01 -9.062000000000000055e-01
2.187345719337463379e+01 -9.056999999999999496e-01
2.193051719665527344e+01 -9.063999999999999835e-01
2.197351431846618652e+01 -9.055999999999999606e-01
2.203056406974792480e+01 -9.062000000000000055e-01
2.207240819931030273e+01 -9.055999999999999606e-01
2.212956118583679199e+01 -9.060000000000000275e-01
2.217242717742919922e+01 -9.054999999999999716e-01
2.222942829132080078e+01 -9.061000000000000165e-01
2.227142500877380371e+01 -9.054999999999999716e-01
2.232844018936157227e+01 -9.059000000000000385e-01
2.238533115386962891e+01 -9.055999999999999606e-01
2.242839717864990234e+01 -9.058000000000000496e-01
2.248536324501037598e+01 -9.053999999999999826e-01
2.252737307548522949e+01 -9.058000000000000496e-01
2.258437323570251465e+01 -9.053999999999999826e-01
2.262740230560302734e+01 -9.056999999999999496e-01
2.268458819389343262e+01 -9.053999999999999826e-01
2.272640514373779297e+01 -9.050000000000000266e-01
2.278343129158020020e+01 -9.043999999999999817e-01
2.282633328437805176e+01 -9.045999999999999597e-01
2.288338208198547363e+01 -9.058000000000000496e-01
2.292636823654174805e+01 -9.052999999999999936e-01
2.298228812217712402e+01 -9.048000000000000487e-01
2.302529025077819824e+01 -9.043999999999999817e-01
2.308234524726867676e+01 -9.049000000000000377e-01
2.313936209678649902e+01 -9.043999999999999817e-01
2.318144726753234863e+01 -9.049000000000000377e-01
2.323841094970703125e+01 -9.049000000000000377e-01
2.328143525123596191e+01 -9.050000000000000266e-01
2.333832812309265137e+01 -9.045999999999999597e-01
2.338127207756042480e+01 -9.049000000000000377e-01
2.343726110458374023e+01 -9.048000000000000487e-01
2.348025798797607422e+01 -9.052000000000000046e-01
2.353736019134521484e+01 -9.052000000000000046e-01
2.358030319213867188e+01 -9.054999999999999716e-01
2.363731622695922852e+01 -9.052000000000000046e-01
2.367928314208984375e+01 -9.055999999999999606e-01
2.373634409904479980e+01 -9.051000000000000156e-01
2.377926921844482422e+01 -9.055999999999999606e-01
2.383631014823913574e+01 -9.054999999999999716e-01
2.387835431098937988e+01 -9.054999999999999716e-01
2.393528437614440918e+01 -9.056999999999999496e-01
2.397819733619689941e+01 -9.054999999999999716e-01
2.403424620628356934e+01 -9.052999999999999936e-01
2.407726311683654785e+01 -9.060000000000000275e-01
2.413429236412048340e+01 -9.058000000000000496e-01
2.419135999679565430e+01 -9.054999999999999716e-01
2.423427915573120117e+01 -9.059000000000000385e-01
2.429127812385559082e+01 -9.055999999999999606e-01
2.433329725265502930e+01 -9.054999999999999716e-01
2.439187121391296387e+01 -9.054999999999999716e-01
2.443329524993896484e+01 -9.058000000000000496e-01
2.449012827873229980e+01 -9.060000000000000275e-01
2.453212308883666992e+01 -9.058000000000000496e-01
2.458926939964294434e+01 -9.054999999999999716e-01
2.463214111328125000e+01 -9.059000000000000385e-01
2.468920803070068359e+01 -9.052999999999999936e-01
2.473121094703674316e+01 -9.060000000000000275e-01
2.478819823265075684e+01 -9.056999999999999496e-01
2.483129429817199707e+01 -9.059000000000000385e-01
2.488818407058715820e+01 -9.054999999999999716e-01
2.494520521163940430e+01 -9.061000000000000165e-01
2.498708724975585938e+01 -9.056999999999999496e-01
2.504423427581787109e+01 -9.061000000000000165e-01
2.508718729019165039e+01 -9.059000000000000385e-01
2.514415121078491211e+01 -9.056999999999999496e-01
2.518622422218322754e+01 -9.058000000000000496e-01
2.524311017990112305e+01 -9.050000000000000266e-01
2.528617334365844727e+01 -9.042999999999999927e-01
2.534307312965393066e+01 -9.059000000000000385e-01
2.538510513305664062e+01 -9.058000000000000496e-01
2.544215440750122070e+01 -9.048000000000000487e-01
2.548504519462585449e+01 -9.048000000000000487e-01
2.554215717315673828e+01 -9.050000000000000266e-01
2.558504700660705566e+01 -9.045999999999999597e-01
2.564097213745117188e+01 -9.052000000000000046e-01
2.568400025367736816e+01 -9.054999999999999716e-01
2.574095416069030762e+01 -9.053999999999999826e-01
2.578396534919738770e+01 -9.052999999999999936e-01
2.584093999862670898e+01 -9.041000000000000147e-01
2.589694118499755859e+01 -8.999000000000000332e-01
2.593991112709045410e+01 -9.033999999999999808e-01
2.599710106849670410e+01 -9.039000000000000368e-01
2.603992533683776855e+01 -9.060000000000000275e-01
2.609596514701843262e+01 -9.106999999999999540e-01
2.613911914825439453e+01 -9.177999999999999492e-01
2.619603514671325684e+01 -9.200000000000000400e-01
2.623896121978759766e+01 -9.191000000000000281e-01
2.629609704017639160e+01 -9.185999999999999721e-01
2.633795118331909180e+01 -9.181000000000000272e-01
2.639506316184997559e+01 -9.192000000000000171e-01
2.643803739547729492e+01 -9.195999999999999730e-01
2.649499225616455078e+01 -9.201000000000000290e-01
2.653691625595092773e+01 -9.202000000000000179e-01
2.659395241737365723e+01 -9.201000000000000290e-01
2.663696622848510742e+01 -9.197999999999999510e-01
2.669400906562805176e+01 -9.196999999999999620e-01
2.675101613998413086e+01 -9.196999999999999620e-01
2.679299712181091309e+01 -9.190000000000000391e-01
2.685003900527954102e+01 -9.194999999999999840e-01
2.689298033714294434e+01 -9.190000000000000391e-01
2.694989633560180664e+01 -9.191000000000000281e-01
2.699187827110290527e+01 -9.186999999999999611e-01
2.704884910583496094e+01 -9.190000000000000391e-01
2.709195208549499512e+01 -9.191000000000000281e-01
2.714885401725769043e+01 -9.190000000000000391e-01
2.719196724891662598e+01 -9.186999999999999611e-01
2.724798941612243652e+01 -9.193999999999999950e-01
2.729090023040771484e+01 -9.187999999999999501e-01
2.734785199165344238e+01 -9.193000000000000060e-01
2.739081335067749023e+01 -9.185999999999999721e-01
2.744678235054016113e+01 -9.191000000000000281e-01
2.750382924079895020e+01 -9.189000000000000501e-01
2.754679822921752930e+01 -9.189000000000000501e-01
2.760379815101623535e+01 -9.184999999999999831e-01
2.764676499366760254e+01 -9.192000000000000171e-01
2.770303201675415039e+01 -9.189000000000000501e-01
2.774590730667114258e+01 -9.186999999999999611e-01
2.780284833908081055e+01 -9.187999999999999501e-01
2.784582114219665527e+01 -9.187999999999999501e-01
2.790282535552978516e+01 -9.187999999999999501e-01
2.794479107856750488e+01 -9.183999999999999941e-01
2.800184226036071777e+01 -9.184999999999999831e-01
2.804474329948425293e+01 -9.184999999999999831e-01
2.810181498527526855e+01 -9.190000000000000391e-01
2.815778827667236328e+01 -9.186999999999999611e-01
2.820088219642639160e+01 -9.186999999999999611e-01
2.825784230232238770e+01 -9.183000000000000052e-01
2.829975438117980957e+01 -9.185999999999999721e-01
2.835773015022277832e+01 -9.185999999999999721e-01
2.839970612525939941e+01 -9.185999999999999721e-01
2.845688009262084961e+01 -9.183999999999999941e-01
2.849974012374877930e+01 -9.183000000000000052e-01
2.855679202079772949e+01 -9.183000000000000052e-01
2.859898114204406738e+01 -9.185999999999999721e-01
2.865587210655212402e+01 -9.182000000000000162e-01
2.869891619682312012e+01 -9.182000000000000162e-01
2.875583529472351074e+01 -9.182000000000000162e-01
2.879787731170654297e+01 -9.183999999999999941e-01
2.885490608215332031e+01 -9.179000000000000492e-01
2.889780712127685547e+01 -9.183000000000000052e-01
2.895482325553894043e+01 -9.184999999999999831e-01
2.901182413101196289e+01 -9.182000000000000162e-01
2.905378413200378418e+01 -9.180000000000000382e-01
2.911074829101562500e+01 -9.171000000000000263e-01
2.915362405776977539e+01 -9.171000000000000263e-01
2.921071004867553711e+01 -9.169000000000000483e-01
2.925263929367065430e+01 -9.165999999999999703e-01
2.930960822105407715e+01 -9.165999999999999703e-01
2.935259222984313965e+01 -9.163000000000000034e-01
2.940968322753906250e+01 -9.166999999999999593e-01
2.945169019699096680e+01 -9.166999999999999593e-01
2.950866317749023438e+01 -9.164999999999999813e-01
2.955175232887268066e+01 -9.167999999999999483e-01
2.960872817039489746e+01 -9.166999999999999593e-01
2.965067911148071289e+01 -9.166999999999999593e-01
2.970769715309143066e+01 -9.164999999999999813e-01
2.975073313713073730e+01 -9.166999999999999593e-01
2.980765104293823242e+01 -9.164999999999999813e-01
2.985079717636108398e+01 -9.165999999999999703e-01
2.990684723854064941e+01 -9.164999999999999813e-01
2.994975113868713379e+01 -9.167999999999999483e-01
