# ./Data/BW2025-02-07_16:06:05sky
# Duration (in s): 30
# Pointing Position of the Horn: Sky
# Angle pointing (from horizontal perpendicular to supporting axis): 48.70
# Angle pointing (from horizontal parallel to supporting axis): 180
# Calibrator used: NO
# Temperature Outside (in celcius): 25.4
# Temperature of the calibrator (in celcius): Low
# Weather: very clear
# Units: Volts
4.196166992187500000e-05 -3.378999999999999782e-01
4.112005233764648438e-02 -3.378999999999999782e-01
8.420300483703613281e-02 -3.378999999999999782e-01
1.411712169647216797e-01 -3.382000000000000006e-01
1.832191944122314453e-01 -3.380000000000000226e-01
2.414152622222900391e-01 -3.380000000000000226e-01
2.833731174468994141e-01 -3.380000000000000226e-01
3.404002189636230469e-01 -3.382000000000000006e-01
3.972642421722412109e-01 -3.377999999999999892e-01
4.392461776733398438e-01 -3.382000000000000006e-01
4.963352680206298828e-01 -3.378999999999999782e-01
5.392520427703857422e-01 -3.381000000000000116e-01
5.962769985198974609e-01 -3.377999999999999892e-01
6.391382217407226562e-01 -3.382999999999999896e-01
6.951780319213867188e-01 -3.380000000000000226e-01
7.381551265716552734e-01 -3.382000000000000006e-01
7.952101230621337891e-01 -3.378999999999999782e-01
8.381481170654296875e-01 -3.382000000000000006e-01
8.941252231597900391e-01 -3.377999999999999892e-01
9.371042251586914062e-01 -3.382000000000000006e-01
9.940862655639648438e-01 -3.378999999999999782e-01
1.037020206451416016e+00 -3.380000000000000226e-01
1.094001293182373047e+00 -3.378999999999999782e-01
1.150082111358642578e+00 -3.380000000000000226e-01
1.193140029907226562e+00 -3.380000000000000226e-01
1.250185966491699219e+00 -3.380000000000000226e-01
1.293041229248046875e+00 -3.381000000000000116e-01
1.348973035812377930e+00 -3.380000000000000226e-01
1.391962289810180664e+00 -3.381000000000000116e-01
1.448987245559692383e+00 -3.378999999999999782e-01
1.491963148117065430e+00 -3.381000000000000116e-01
1.548945188522338867e+00 -3.377999999999999892e-01
1.590926170349121094e+00 -3.382999999999999896e-01
1.647956132888793945e+00 -3.377999999999999892e-01
1.690890073776245117e+00 -3.381000000000000116e-01
1.747907161712646484e+00 -3.378999999999999782e-01
1.789906263351440430e+00 -3.382999999999999896e-01
1.846880197525024414e+00 -3.380000000000000226e-01
1.889871120452880859e+00 -3.382999999999999896e-01
1.946859121322631836e+00 -3.378999999999999782e-01
1.988895177841186523e+00 -3.382000000000000006e-01
2.045863151550292969e+00 -3.377000000000000002e-01
2.088861942291259766e+00 -3.382999999999999896e-01
2.145870208740234375e+00 -3.377000000000000002e-01
2.188846111297607422e+00 -3.381000000000000116e-01
2.244946241378784180e+00 -3.378999999999999782e-01
2.302889108657836914e+00 -3.382000000000000006e-01
2.344880104064941406e+00 -3.378999999999999782e-01
2.401892185211181641e+00 -3.381000000000000116e-01
2.444843053817749023e+00 -3.381000000000000116e-01
2.500887155532836914e+00 -3.381000000000000116e-01
2.543847322463989258e+00 -3.381000000000000116e-01
2.600927114486694336e+00 -3.382000000000000006e-01
2.643918275833129883e+00 -3.381000000000000116e-01
2.700876235961914062e+00 -3.381000000000000116e-01
2.742845296859741211e+00 -3.381000000000000116e-01
2.799855232238769531e+00 -3.381000000000000116e-01
2.842863082885742188e+00 -3.381000000000000116e-01
2.899822235107421875e+00 -3.381000000000000116e-01
2.941800355911254883e+00 -3.383999999999999786e-01
2.998836040496826172e+00 -3.380000000000000226e-01
3.041819334030151367e+00 -3.383999999999999786e-01
3.098791360855102539e+00 -3.380000000000000226e-01
3.155858278274536133e+00 -3.382999999999999896e-01
3.197806119918823242e+00 -3.378999999999999782e-01
3.254805088043212891e+00 -3.382000000000000006e-01
3.297782182693481445e+00 -3.380000000000000226e-01
3.354793071746826172e+00 -3.382999999999999896e-01
3.396779060363769531e+00 -3.378999999999999782e-01
3.453783035278320312e+00 -3.382000000000000006e-01
3.496738195419311523e+00 -3.380000000000000226e-01
3.553776264190673828e+00 -3.382000000000000006e-01
3.595709323883056641e+00 -3.380000000000000226e-01
3.652822017669677734e+00 -3.382000000000000006e-01
3.695766210556030273e+00 -3.380000000000000226e-01
3.752740144729614258e+00 -3.382000000000000006e-01
3.795742988586425781e+00 -3.381000000000000116e-01
3.851741313934326172e+00 -3.381000000000000116e-01
3.894728183746337891e+00 -3.380000000000000226e-01
3.951730251312255859e+00 -3.381000000000000116e-01
3.993721246719360352e+00 -3.378999999999999782e-01
4.050729990005493164e+00 -3.381000000000000116e-01
4.093704223632812500e+00 -3.381000000000000116e-01
4.150755167007446289e+00 -3.378999999999999782e-01
4.193699121475219727e+00 -3.382000000000000006e-01
4.250727176666259766e+00 -3.378999999999999782e-01
4.306709051132202148e+00 -3.380000000000000226e-01
4.349699258804321289e+00 -3.378999999999999782e-01
4.406749248504638672e+00 -3.380000000000000226e-01
4.448693990707397461e+00 -3.377000000000000002e-01
4.506699085235595703e+00 -3.381000000000000116e-01
4.548640012741088867e+00 -3.377999999999999892e-01
4.605628252029418945e+00 -3.381000000000000116e-01
4.648714065551757812e+00 -3.377999999999999892e-01
4.705629348754882812e+00 -3.382999999999999896e-01
4.747647047042846680e+00 -3.378999999999999782e-01
4.804608106613159180e+00 -3.381000000000000116e-01
4.847677230834960938e+00 -3.377999999999999892e-01
4.904597997665405273e+00 -3.381000000000000116e-01
4.946598291397094727e+00 -3.377000000000000002e-01
5.003615140914916992e+00 -3.380000000000000226e-01
5.046628236770629883e+00 -3.377999999999999892e-01
5.103648185729980469e+00 -3.378999999999999782e-01
5.159648180007934570e+00 -3.380000000000000226e-01
5.202575206756591797e+00 -3.380000000000000226e-01
5.259624242782592773e+00 -3.380000000000000226e-01
5.302568197250366211e+00 -3.377999999999999892e-01
5.359583139419555664e+00 -3.380000000000000226e-01
5.401604175567626953e+00 -3.377000000000000002e-01
5.458602190017700195e+00 -3.380000000000000226e-01
5.501597166061401367e+00 -3.378999999999999782e-01
5.558584213256835938e+00 -3.381000000000000116e-01
5.600567102432250977e+00 -3.377000000000000002e-01
5.657701253890991211e+00 -3.381000000000000116e-01
5.700562238693237305e+00 -3.377999999999999892e-01
5.757594108581542969e+00 -3.382000000000000006e-01
5.800574064254760742e+00 -3.377999999999999892e-01
5.856605291366577148e+00 -3.380000000000000226e-01
5.899538993835449219e+00 -3.378999999999999782e-01
5.956545114517211914e+00 -3.382000000000000006e-01
5.999537229537963867e+00 -3.380000000000000226e-01
6.056575059890747070e+00 -3.381000000000000116e-01
6.112542152404785156e+00 -3.378999999999999782e-01
6.155515193939208984e+00 -3.381000000000000116e-01
6.212469100952148438e+00 -3.380000000000000226e-01
6.255488157272338867e+00 -3.378999999999999782e-01
6.312485218048095703e+00 -3.378999999999999782e-01
6.354479074478149414e+00 -3.380000000000000226e-01
6.411473274230957031e+00 -3.380000000000000226e-01
6.454476118087768555e+00 -3.381000000000000116e-01
6.510483980178833008e+00 -3.377000000000000002e-01
6.553426980972290039e+00 -3.378999999999999782e-01
6.610499143600463867e+00 -3.378999999999999782e-01
6.653453111648559570e+00 -3.380000000000000226e-01
6.710453033447265625e+00 -3.382000000000000006e-01
6.766410112380981445e+00 -3.380000000000000226e-01
6.809408187866210938e+00 -3.381000000000000116e-01
6.866432189941406250e+00 -3.377000000000000002e-01
6.909409046173095703e+00 -3.381000000000000116e-01
6.966377019882202148e+00 -3.378999999999999782e-01
7.008402347564697266e+00 -3.381000000000000116e-01
7.065445184707641602e+00 -3.378999999999999782e-01
7.108391284942626953e+00 -3.381000000000000116e-01
7.165449142456054688e+00 -3.377999999999999892e-01
7.207366228103637695e+00 -3.381000000000000116e-01
7.264405012130737305e+00 -3.377000000000000002e-01
7.307382106781005859e+00 -3.380000000000000226e-01
7.364372014999389648e+00 -3.377000000000000002e-01
7.406348228454589844e+00 -3.378999999999999782e-01
7.463315010070800781e+00 -3.378999999999999782e-01
7.520407199859619141e+00 -3.380000000000000226e-01
7.563333272933959961e+00 -3.380000000000000226e-01
7.620401144027709961e+00 -3.381000000000000116e-01
7.662370204925537109e+00 -3.381000000000000116e-01
7.719331264495849609e+00 -3.380000000000000226e-01
7.762313127517700195e+00 -3.382000000000000006e-01
7.819298028945922852e+00 -3.378999999999999782e-01
7.861280202865600586e+00 -3.381000000000000116e-01
7.918331146240234375e+00 -3.378999999999999782e-01
7.961307287216186523e+00 -3.382000000000000006e-01
8.018277168273925781e+00 -3.377999999999999892e-01
8.061274290084838867e+00 -3.382000000000000006e-01
8.117356061935424805e+00 -3.378999999999999782e-01
8.174302101135253906e+00 -3.381000000000000116e-01
8.217249155044555664e+00 -3.377999999999999892e-01
8.274330139160156250e+00 -3.382999999999999896e-01
8.316289186477661133e+00 -3.378999999999999782e-01
8.373309373855590820e+00 -3.381000000000000116e-01
8.416241168975830078e+00 -3.377999999999999892e-01
8.473244190216064453e+00 -3.382000000000000006e-01
8.516278028488159180e+00 -3.377999999999999892e-01
8.572225093841552734e+00 -3.382000000000000006e-01
8.615268230438232422e+00 -3.377999999999999892e-01
8.672235012054443359e+00 -3.381000000000000116e-01
8.715259313583374023e+00 -3.381000000000000116e-01
8.772212982177734375e+00 -3.381000000000000116e-01
8.814211130142211914e+00 -3.378999999999999782e-01
8.871201038360595703e+00 -3.381000000000000116e-01
8.914236307144165039e+00 -3.378999999999999782e-01
8.971152305603027344e+00 -3.381000000000000116e-01
9.013191223144531250e+00 -3.380000000000000226e-01
9.070181131362915039e+00 -3.380000000000000226e-01
9.113255262374877930e+00 -3.380000000000000226e-01
9.170188188552856445e+00 -3.381000000000000116e-01
9.212144136428833008e+00 -3.381000000000000116e-01
9.269158124923706055e+00 -3.377000000000000002e-01
9.326189041137695312e+00 -3.381000000000000116e-01
9.369110107421875000e+00 -3.377999999999999892e-01
9.425149202346801758e+00 -3.382000000000000006e-01
9.468100070953369141e+00 -3.377999999999999892e-01
9.525160312652587891e+00 -3.381000000000000116e-01
9.568088054656982422e+00 -3.378999999999999782e-01
9.625216007232666016e+00 -3.381000000000000116e-01
9.667464256286621094e+00 -3.377999999999999892e-01
9.724435091018676758e+00 -3.381000000000000116e-01
9.767447233200073242e+00 -3.377999999999999892e-01
9.824433326721191406e+00 -3.381000000000000116e-01
9.867438077926635742e+00 -3.378999999999999782e-01
9.923373222351074219e+00 -3.382000000000000006e-01
9.966434240341186523e+00 -3.378999999999999782e-01
1.002341723442077637e+01 -3.378999999999999782e-01
1.008041906356811523e+01 -3.377999999999999892e-01
1.012328815460205078e+01 -3.378999999999999782e-01
1.017939925193786621e+01 -3.377999999999999892e-01
1.022224211692810059e+01 -3.380000000000000226e-01
1.027939414978027344e+01 -3.380000000000000226e-01
1.032129621505737305e+01 -3.377000000000000002e-01
1.037837529182434082e+01 -3.381000000000000116e-01
1.042131829261779785e+01 -3.377999999999999892e-01
1.047837638854980469e+01 -3.380000000000000226e-01
1.052014803886413574e+01 -3.377999999999999892e-01
1.057713627815246582e+01 -3.381000000000000116e-01
1.062078905105590820e+01 -3.377999999999999892e-01
1.067712616920471191e+01 -3.381000000000000116e-01
1.071994805335998535e+01 -3.377000000000000002e-01
1.077593922615051270e+01 -3.382000000000000006e-01
1.083301925659179688e+01 -3.377999999999999892e-01
1.087596607208251953e+01 -3.381000000000000116e-01
1.093295526504516602e+01 -3.377000000000000002e-01
1.097591924667358398e+01 -3.378999999999999782e-01
1.103192496299743652e+01 -3.377999999999999892e-01
1.107490825653076172e+01 -3.380000000000000226e-01
1.113204932212829590e+01 -3.380000000000000226e-01
1.117514324188232422e+01 -3.382000000000000006e-01
1.123104310035705566e+01 -3.378999999999999782e-01
1.127406811714172363e+01 -3.380000000000000226e-01
1.133107304573059082e+01 -3.378999999999999782e-01
1.137408614158630371e+01 -3.381000000000000116e-01
1.143107628822326660e+01 -3.378999999999999782e-01
1.147304821014404297e+01 -3.380000000000000226e-01
1.153004908561706543e+01 -3.381000000000000116e-01
1.157302522659301758e+01 -3.377999999999999892e-01
1.163005113601684570e+01 -3.382000000000000006e-01
1.168710613250732422e+01 -3.380000000000000226e-01
1.172903704643249512e+01 -3.381000000000000116e-01
1.178602218627929688e+01 -3.378999999999999782e-01
1.182900714874267578e+01 -3.382000000000000006e-01
1.188601613044738770e+01 -3.378999999999999782e-01
1.192793321609497070e+01 -3.381000000000000116e-01
1.198487615585327148e+01 -3.377999999999999892e-01
1.202783107757568359e+01 -3.382000000000000006e-01
1.208483815193176270e+01 -3.377999999999999892e-01
1.212685918807983398e+01 -3.380000000000000226e-01
1.218385815620422363e+01 -3.377000000000000002e-01
1.222679305076599121e+01 -3.377999999999999892e-01
1.228381514549255371e+01 -3.377000000000000002e-01
1.232679820060729980e+01 -3.381000000000000116e-01
1.238278412818908691e+01 -3.378999999999999782e-01
1.243978595733642578e+01 -3.381000000000000116e-01
1.248275303840637207e+01 -3.378999999999999782e-01
1.253977608680725098e+01 -3.378999999999999782e-01
1.258176016807556152e+01 -3.377000000000000002e-01
1.263878035545349121e+01 -3.377999999999999892e-01
1.268177628517150879e+01 -3.377999999999999892e-01
1.273873615264892578e+01 -3.378999999999999782e-01
1.278173804283142090e+01 -3.378999999999999782e-01
1.283772706985473633e+01 -3.377999999999999892e-01
1.288072228431701660e+01 -3.378999999999999782e-01
1.293770718574523926e+01 -3.377999999999999892e-01
1.298072123527526855e+01 -3.381000000000000116e-01
1.303770112991333008e+01 -3.377000000000000002e-01
1.307970929145812988e+01 -3.378999999999999782e-01
1.313685607910156250e+01 -3.377000000000000002e-01
1.317974519729614258e+01 -3.377999999999999892e-01
1.323668932914733887e+01 -3.376000000000000112e-01
1.327868604660034180e+01 -3.381000000000000116e-01
1.333569121360778809e+01 -3.377999999999999892e-01
1.337866115570068359e+01 -3.382000000000000006e-01
1.343567323684692383e+01 -3.378999999999999782e-01
1.349270200729370117e+01 -3.381000000000000116e-01
1.353465819358825684e+01 -3.377999999999999892e-01
1.359165811538696289e+01 -3.380000000000000226e-01
1.363469696044921875e+01 -3.378999999999999782e-01
1.369169831275939941e+01 -3.381000000000000116e-01
1.373365521430969238e+01 -3.377999999999999892e-01
1.379064512252807617e+01 -3.378999999999999782e-01
1.383362627029418945e+01 -3.378999999999999782e-01
1.389061522483825684e+01 -3.380000000000000226e-01
1.393261432647705078e+01 -3.380000000000000226e-01
1.398960733413696289e+01 -3.380000000000000226e-01
1.403261637687683105e+01 -3.381000000000000116e-01
1.408958721160888672e+01 -3.380000000000000226e-01
1.413164424896240234e+01 -3.378999999999999782e-01
1.418859219551086426e+01 -3.378999999999999782e-01
1.423160815238952637e+01 -3.380000000000000226e-01
1.428861808776855469e+01 -3.378999999999999782e-01
1.433155822753906250e+01 -3.380000000000000226e-01
1.438757038116455078e+01 -3.377000000000000002e-01
1.444456720352172852e+01 -3.381000000000000116e-01
1.448757910728454590e+01 -3.375000000000000222e-01
1.454455018043518066e+01 -3.382000000000000006e-01
1.458754301071166992e+01 -3.377000000000000002e-01
1.464359235763549805e+01 -3.382000000000000006e-01
1.468655109405517578e+01 -3.377000000000000002e-01
1.474352312088012695e+01 -3.378999999999999782e-01
1.478651595115661621e+01 -3.377000000000000002e-01
1.484254908561706543e+01 -3.380000000000000226e-01
1.488551115989685059e+01 -3.377000000000000002e-01
1.494249510765075684e+01 -3.378999999999999782e-01
1.498548913002014160e+01 -3.377999999999999892e-01
1.504152226448059082e+01 -3.381000000000000116e-01
1.508449530601501465e+01 -3.377999999999999892e-01
1.514149928092956543e+01 -3.380000000000000226e-01
1.518449306488037109e+01 -3.377000000000000002e-01
1.524147510528564453e+01 -3.378999999999999782e-01
1.528345704078674316e+01 -3.377000000000000002e-01
1.534048628807067871e+01 -3.377999999999999892e-01
1.539747095108032227e+01 -3.377999999999999892e-01
1.544046521186828613e+01 -3.377999999999999892e-01
1.549744224548339844e+01 -3.378999999999999782e-01
1.553945398330688477e+01 -3.377000000000000002e-01
1.559646010398864746e+01 -3.378999999999999782e-01
1.563954305648803711e+01 -3.377000000000000002e-01
1.569658327102661133e+01 -3.380000000000000226e-01
1.573841118812561035e+01 -3.377999999999999892e-01
1.579550623893737793e+01 -3.378999999999999782e-01
1.583846616744995117e+01 -3.377000000000000002e-01
1.589542412757873535e+01 -3.378999999999999782e-01
1.593741416931152344e+01 -3.377000000000000002e-01
1.599442315101623535e+01 -3.380000000000000226e-01
1.603742122650146484e+01 -3.377000000000000002e-01
1.609439420700073242e+01 -3.378999999999999782e-01
1.613642120361328125e+01 -3.377000000000000002e-01
1.619346308708190918e+01 -3.378999999999999782e-01
1.623641324043273926e+01 -3.377000000000000002e-01
1.629339313507080078e+01 -3.381000000000000116e-01
1.633635711669921875e+01 -3.377999999999999892e-01
1.639236712455749512e+01 -3.380000000000000226e-01
1.644935297966003418e+01 -3.377000000000000002e-01
1.649235725402832031e+01 -3.377999999999999892e-01
1.654936599731445312e+01 -3.377999999999999892e-01
1.659234118461608887e+01 -3.377999999999999892e-01
1.664839506149291992e+01 -3.377000000000000002e-01
1.669134521484375000e+01 -3.377000000000000002e-01
1.674834418296813965e+01 -3.377999999999999892e-01
1.679134535789489746e+01 -3.377000000000000002e-01
1.684734010696411133e+01 -3.380000000000000226e-01
1.689033508300781250e+01 -3.377999999999999892e-01
1.694733119010925293e+01 -3.380000000000000226e-01
1.699033331871032715e+01 -3.377000000000000002e-01
1.704735207557678223e+01 -3.380000000000000226e-01
1.708932924270629883e+01 -3.377999999999999892e-01
1.714646124839782715e+01 -3.380000000000000226e-01
1.718935132026672363e+01 -3.376000000000000112e-01
1.724635434150695801e+01 -3.378999999999999782e-01
1.730328416824340820e+01 -3.377000000000000002e-01
1.734525012969970703e+01 -3.378999999999999782e-01
1.740227913856506348e+01 -3.377999999999999892e-01
1.744524908065795898e+01 -3.378999999999999782e-01
1.750223207473754883e+01 -3.377000000000000002e-01
1.754422211647033691e+01 -3.378999999999999782e-01
1.760121822357177734e+01 -3.376000000000000112e-01
1.764429521560668945e+01 -3.377999999999999892e-01
1.770130205154418945e+01 -3.377000000000000002e-01
1.774322199821472168e+01 -3.377999999999999892e-01
1.780021095275878906e+01 -3.377999999999999892e-01
1.784322118759155273e+01 -3.377999999999999892e-01
1.790022134780883789e+01 -3.377000000000000002e-01
1.794218325614929199e+01 -3.377000000000000002e-01
1.799919629096984863e+01 -3.377000000000000002e-01
1.804217600822448730e+01 -3.377000000000000002e-01
1.809919118881225586e+01 -3.378999999999999782e-01
1.814221215248107910e+01 -3.377000000000000002e-01
1.819816613197326660e+01 -3.377999999999999892e-01
1.824116921424865723e+01 -3.377999999999999892e-01
1.829835605621337891e+01 -3.380000000000000226e-01
1.835517907142639160e+01 -3.377000000000000002e-01
1.839717507362365723e+01 -3.380000000000000226e-01
1.845416116714477539e+01 -3.377999999999999892e-01
1.849713611602783203e+01 -3.381000000000000116e-01
1.855415606498718262e+01 -3.378999999999999782e-01
1.859616112709045410e+01 -3.381000000000000116e-01
1.865316915512084961e+01 -3.377999999999999892e-01
1.869614529609680176e+01 -3.381000000000000116e-01
1.875311422348022461e+01 -3.377000000000000002e-01
1.879614734649658203e+01 -3.378999999999999782e-01
1.885210514068603516e+01 -3.376000000000000112e-01
1.889510726928710938e+01 -3.380000000000000226e-01
1.895208716392517090e+01 -3.377000000000000002e-01
1.899507522583007812e+01 -3.378999999999999782e-01
1.905106997489929199e+01 -3.376000000000000112e-01
1.909406518936157227e+01 -3.380000000000000226e-01
1.915112709999084473e+01 -3.377000000000000002e-01
1.919406414031982422e+01 -3.378999999999999782e-01
1.925106930732727051e+01 -3.380000000000000226e-01
1.930706620216369629e+01 -3.377999999999999892e-01
1.935003232955932617e+01 -3.380000000000000226e-01
1.940703916549682617e+01 -3.377999999999999892e-01
1.945002007484436035e+01 -3.380000000000000226e-01
1.950706934928894043e+01 -3.377999999999999892e-01
1.954909515380859375e+01 -3.381000000000000116e-01
1.960616135597229004e+01 -3.377999999999999892e-01
1.964916515350341797e+01 -3.380000000000000226e-01
1.970627307891845703e+01 -3.377999999999999892e-01
1.974818825721740723e+01 -3.380000000000000226e-01
1.980523324012756348e+01 -3.377999999999999892e-01
1.984828424453735352e+01 -3.380000000000000226e-01
1.990531516075134277e+01 -3.377000000000000002e-01
1.994732022285461426e+01 -3.380000000000000226e-01
2.000442504882812500e+01 -3.377000000000000002e-01
2.004728507995605469e+01 -3.380000000000000226e-01
2.010429215431213379e+01 -3.378999999999999782e-01
2.016138815879821777e+01 -3.381000000000000116e-01
2.020324826240539551e+01 -3.377000000000000002e-01
2.026039218902587891e+01 -3.381000000000000116e-01
2.030320620536804199e+01 -3.378999999999999782e-01
2.036024236679077148e+01 -3.380000000000000226e-01
2.040232515335083008e+01 -3.378999999999999782e-01
2.045936322212219238e+01 -3.380000000000000226e-01
2.050221109390258789e+01 -3.377000000000000002e-01
2.055925416946411133e+01 -3.378999999999999782e-01
2.060208511352539062e+01 -3.378999999999999782e-01
2.065801715850830078e+01 -3.378999999999999782e-01
2.070094013214111328e+01 -3.378999999999999782e-01
2.075791430473327637e+01 -3.377000000000000002e-01
2.081497716903686523e+01 -3.380000000000000226e-01
2.085792422294616699e+01 -3.377000000000000002e-01
2.091390323638916016e+01 -3.380000000000000226e-01
2.095689415931701660e+01 -3.377999999999999892e-01
2.101387596130371094e+01 -3.378999999999999782e-01
2.105687928199768066e+01 -3.377000000000000002e-01
2.111295413970947266e+01 -3.380000000000000226e-01
2.115610718727111816e+01 -3.376000000000000112e-01
2.121303725242614746e+01 -3.380000000000000226e-01
2.125602006912231445e+01 -3.377000000000000002e-01
2.131301522254943848e+01 -3.381000000000000116e-01
2.135501313209533691e+01 -3.377000000000000002e-01
2.141198515892028809e+01 -3.381000000000000116e-01
2.145500326156616211e+01 -3.377000000000000002e-01
2.151198625564575195e+01 -3.378999999999999782e-01
2.155400228500366211e+01 -3.378999999999999782e-01
2.161095309257507324e+01 -3.378999999999999782e-01
2.165402913093566895e+01 -3.377000000000000002e-01
2.171098494529724121e+01 -3.380000000000000226e-01
2.175300407409667969e+01 -3.377999999999999892e-01
2.181001710891723633e+01 -3.378999999999999782e-01
2.185290336608886719e+01 -3.377000000000000002e-01
2.191000223159790039e+01 -3.377000000000000002e-01
2.196688318252563477e+01 -3.380000000000000226e-01
2.200883507728576660e+01 -3.377999999999999892e-01
2.206584119796752930e+01 -3.378999999999999782e-01
2.210886025428771973e+01 -3.378999999999999782e-01
2.216587805747985840e+01 -3.378999999999999782e-01
2.220789718627929688e+01 -3.377000000000000002e-01
2.226481413841247559e+01 -3.381000000000000116e-01
2.230782914161682129e+01 -3.376000000000000112e-01
2.236480522155761719e+01 -3.381000000000000116e-01
2.240679717063903809e+01 -3.378999999999999782e-01
2.246379423141479492e+01 -3.381000000000000116e-01
2.250678825378417969e+01 -3.378999999999999782e-01
2.256377720832824707e+01 -3.381000000000000116e-01
2.260675096511840820e+01 -3.377000000000000002e-01
2.266281509399414062e+01 -3.380000000000000226e-01
2.270577526092529297e+01 -3.377999999999999892e-01
2.276276421546936035e+01 -3.380000000000000226e-01
2.281973934173583984e+01 -3.378999999999999782e-01
2.286174535751342773e+01 -3.378999999999999782e-01
2.291876101493835449e+01 -3.377999999999999892e-01
2.296172809600830078e+01 -3.377999999999999892e-01
2.301873421669006348e+01 -3.377000000000000002e-01
2.306171512603759766e+01 -3.377000000000000002e-01
2.311776304244995117e+01 -3.378999999999999782e-01
2.316074323654174805e+01 -3.377999999999999892e-01
2.321769404411315918e+01 -3.377999999999999892e-01
2.326068615913391113e+01 -3.378999999999999782e-01
2.331768226623535156e+01 -3.376000000000000112e-01
2.335969519615173340e+01 -3.377999999999999892e-01
2.341667914390563965e+01 -3.377999999999999892e-01
2.345966315269470215e+01 -3.377000000000000002e-01
2.351667118072509766e+01 -3.380000000000000226e-01
2.357269406318664551e+01 -3.376000000000000112e-01
2.361575031280517578e+01 -3.380000000000000226e-01
2.367278003692626953e+01 -3.377999999999999892e-01
2.371572208404541016e+01 -3.380000000000000226e-01
2.377267313003540039e+01 -3.377000000000000002e-01
2.381465506553649902e+01 -3.382000000000000006e-01
2.387165331840515137e+01 -3.376000000000000112e-01
2.391465401649475098e+01 -3.378999999999999782e-01
2.397163224220275879e+01 -3.376000000000000112e-01
2.401361203193664551e+01 -3.377999999999999892e-01
2.407057929039001465e+01 -3.377999999999999892e-01
2.411368131637573242e+01 -3.378999999999999782e-01
2.417064404487609863e+01 -3.377999999999999892e-01
2.421260809898376465e+01 -3.377999999999999892e-01
2.426962518692016602e+01 -3.377999999999999892e-01
2.431258821487426758e+01 -3.381000000000000116e-01
2.436959218978881836e+01 -3.380000000000000226e-01
2.442662811279296875e+01 -3.378999999999999782e-01
2.446855616569519043e+01 -3.381000000000000116e-01
2.452560734748840332e+01 -3.377999999999999892e-01
2.456855916976928711e+01 -3.380000000000000226e-01
2.462561106681823730e+01 -3.377999999999999892e-01
2.466756606101989746e+01 -3.380000000000000226e-01
2.472459530830383301e+01 -3.377000000000000002e-01
2.476754212379455566e+01 -3.380000000000000226e-01
2.482458233833312988e+01 -3.377000000000000002e-01
2.486753726005554199e+01 -3.381000000000000116e-01
2.492354321479797363e+01 -3.377999999999999892e-01
2.496649909019470215e+01 -3.381000000000000116e-01
2.502352714538574219e+01 -3.377999999999999892e-01
2.506649613380432129e+01 -3.380000000000000226e-01
2.512350916862487793e+01 -3.377999999999999892e-01
2.516555714607238770e+01 -3.378999999999999782e-01
2.522251415252685547e+01 -3.377999999999999892e-01
2.526548099517822266e+01 -3.380000000000000226e-01
2.532249712944030762e+01 -3.377999999999999892e-01
2.537849116325378418e+01 -3.378999999999999782e-01
2.542148423194885254e+01 -3.377000000000000002e-01
2.547845315933227539e+01 -3.377999999999999892e-01
2.552150297164916992e+01 -3.377999999999999892e-01
2.557846117019653320e+01 -3.377999999999999892e-01
2.562050628662109375e+01 -3.377999999999999892e-01
2.567744898796081543e+01 -3.377000000000000002e-01
2.572040915489196777e+01 -3.377000000000000002e-01
2.577738499641418457e+01 -3.377000000000000002e-01
2.581948328018188477e+01 -3.377000000000000002e-01
2.587646412849426270e+01 -3.377999999999999892e-01
2.591939306259155273e+01 -3.377000000000000002e-01
2.597639822959899902e+01 -3.375000000000000222e-01
2.603343629837036133e+01 -3.380000000000000226e-01
2.607539319992065430e+01 -3.377000000000000002e-01
2.613248109817504883e+01 -3.380000000000000226e-01
2.617541122436523438e+01 -3.377999999999999892e-01
2.623240923881530762e+01 -3.377999999999999892e-01
2.627438807487487793e+01 -3.376000000000000112e-01
2.633140206336975098e+01 -3.378999999999999782e-01
2.637439107894897461e+01 -3.376000000000000112e-01
2.643136620521545410e+01 -3.380000000000000226e-01
2.647439718246459961e+01 -3.377000000000000002e-01
2.653036522865295410e+01 -3.378999999999999782e-01
2.657333517074584961e+01 -3.376000000000000112e-01
2.663039207458496094e+01 -3.378999999999999782e-01
2.667234420776367188e+01 -3.377000000000000002e-01
2.672935914993286133e+01 -3.377999999999999892e-01
2.678634715080261230e+01 -3.376000000000000112e-01
2.682932209968566895e+01 -3.377000000000000002e-01
2.688634800910949707e+01 -3.376000000000000112e-01
2.692829632759094238e+01 -3.377000000000000002e-01
2.698535919189453125e+01 -3.376000000000000112e-01
2.702831315994262695e+01 -3.377000000000000002e-01
2.708529305458068848e+01 -3.377999999999999892e-01
2.712732529640197754e+01 -3.375000000000000222e-01
2.718430733680725098e+01 -3.378999999999999782e-01
2.722729516029357910e+01 -3.376000000000000112e-01
2.728428912162780762e+01 -3.377999999999999892e-01
2.732726621627807617e+01 -3.376000000000000112e-01
2.738329219818115234e+01 -3.377000000000000002e-01
2.742625904083251953e+01 -3.375000000000000222e-01
2.748324298858642578e+01 -3.378999999999999782e-01
2.752622699737548828e+01 -3.375000000000000222e-01
2.758227014541625977e+01 -3.378999999999999782e-01
2.764030432701110840e+01 -3.376000000000000112e-01
2.768227005004882812e+01 -3.377999999999999892e-01
2.773923611640930176e+01 -3.377000000000000002e-01
2.778224730491638184e+01 -3.377999999999999892e-01
2.783824205398559570e+01 -3.376000000000000112e-01
2.788125514984130859e+01 -3.377000000000000002e-01
2.793821716308593750e+01 -3.375000000000000222e-01
2.798126912117004395e+01 -3.377999999999999892e-01
2.803825616836547852e+01 -3.377000000000000002e-01
2.808023715019226074e+01 -3.378999999999999782e-01
2.813742637634277344e+01 -3.376000000000000112e-01
2.818027329444885254e+01 -3.375000000000000222e-01
2.823727726936340332e+01 -3.377000000000000002e-01
2.828022623062133789e+01 -3.377000000000000002e-01
2.833612608909606934e+01 -3.378999999999999782e-01
2.839311003684997559e+01 -3.377000000000000002e-01
2.843608713150024414e+01 -3.377999999999999892e-01
2.849310421943664551e+01 -3.375000000000000222e-01
2.853508710861206055e+01 -3.381000000000000116e-01
2.859207916259765625e+01 -3.376000000000000112e-01
2.863509511947631836e+01 -3.378999999999999782e-01
2.869209909439086914e+01 -3.373999999999999777e-01
2.873407316207885742e+01 -3.378999999999999782e-01
2.879107713699340820e+01 -3.375000000000000222e-01
2.883407521247863770e+01 -3.377999999999999892e-01
2.889105629920959473e+01 -3.375000000000000222e-01
2.893305706977844238e+01 -3.378999999999999782e-01
2.899004435539245605e+01 -3.375000000000000222e-01
2.903303503990173340e+01 -3.378999999999999782e-01
2.909002494812011719e+01 -3.376000000000000112e-01
2.913304519653320312e+01 -3.377999999999999892e-01
2.918901515007019043e+01 -3.377000000000000002e-01
2.924600815773010254e+01 -3.377000000000000002e-01
2.928912305831909180e+01 -3.377000000000000002e-01
2.934604907035827637e+01 -3.375000000000000222e-01
2.938901019096374512e+01 -3.377000000000000002e-01
2.944504499435424805e+01 -3.377000000000000002e-01
2.948800611495971680e+01 -3.377999999999999892e-01
2.954501914978027344e+01 -3.377999999999999892e-01
2.958797526359558105e+01 -3.377999999999999892e-01
2.964403104782104492e+01 -3.377000000000000002e-01
2.968709015846252441e+01 -3.377999999999999892e-01
2.974408125877380371e+01 -3.377000000000000002e-01
2.978706836700439453e+01 -3.377999999999999892e-01
2.984418630599975586e+01 -3.376000000000000112e-01
2.988621211051940918e+01 -3.377999999999999892e-01
2.994331216812133789e+01 -3.376000000000000112e-01
2.998617219924926758e+01 -3.377000000000000002e-01
