# ./Data/BW2025-02-07_16:21:40calibration2
# Duration (in s): 30
# Pointing Position of the Horn: Sky
# Angle pointing (from horizontal perpendicular to supporting axis): 48.70
# Angle pointing (from horizontal parallel to supporting axis): 0
# Calibrator used: NO
# Temperature Outside (in celcius): 25.4
# Temperature of the calibrator (in celcius): Low
# Weather: very clear
# Units: Volts
5.078315734863281250e-05 -9.314999999999999947e-01
7.272386550903320312e-02 -9.306999999999999718e-01
1.146659851074218750e-01 -9.311000000000000387e-01
1.718080043792724609e-01 -9.308999999999999497e-01
2.287039756774902344e-01 -9.310000000000000497e-01
2.716937065124511719e-01 -9.308999999999999497e-01
3.287167549133300781e-01 -9.311000000000000387e-01
3.706948757171630859e-01 -9.308999999999999497e-01
4.277429580688476562e-01 -9.310000000000000497e-01
4.707069396972656250e-01 -9.308999999999999497e-01
5.277576446533203125e-01 -9.311000000000000387e-01
5.697226524353027344e-01 -9.312000000000000277e-01
6.267437934875488281e-01 -9.308999999999999497e-01
6.697227954864501953e-01 -9.308999999999999497e-01
7.267718315124511719e-01 -9.308999999999999497e-01
7.697248458862304688e-01 -9.312000000000000277e-01
8.257727622985839844e-01 -9.310000000000000497e-01
8.687667846679687500e-01 -9.314000000000000057e-01
9.257819652557373047e-01 -9.311000000000000387e-01
9.687228202819824219e-01 -9.310000000000000497e-01
1.025732755661010742e+00 -9.308999999999999497e-01
1.081734895706176758e+00 -9.311000000000000387e-01
1.124825716018676758e+00 -9.306999999999999718e-01
1.181763648986816406e+00 -9.311000000000000387e-01
1.224955797195434570e+00 -9.305999999999999828e-01
1.281841754913330078e+00 -9.305999999999999828e-01
1.323834657669067383e+00 -9.304999999999999938e-01
1.380978822708129883e+00 -9.312000000000000277e-01
1.423831701278686523e+00 -9.310000000000000497e-01
1.479859828948974609e+00 -9.311000000000000387e-01
1.522854804992675781e+00 -9.306999999999999718e-01
1.579872846603393555e+00 -9.310000000000000497e-01
1.622872829437255859e+00 -9.308999999999999497e-01
1.679909706115722656e+00 -9.308999999999999497e-01
1.735894918441772461e+00 -9.311000000000000387e-01
1.778866767883300781e+00 -9.308999999999999497e-01
1.835911750793457031e+00 -9.307999999999999607e-01
1.878893613815307617e+00 -9.310000000000000497e-01
1.935934782028198242e+00 -9.305999999999999828e-01
1.977856874465942383e+00 -9.310000000000000497e-01
2.034921884536743164e+00 -9.310000000000000497e-01
2.077899932861328125e+00 -9.305999999999999828e-01
2.134928703308105469e+00 -9.310000000000000497e-01
2.176937818527221680e+00 -9.308999999999999497e-01
2.233967781066894531e+00 -9.308999999999999497e-01
2.276944875717163086e+00 -9.308999999999999497e-01
2.333935737609863281e+00 -9.312000000000000277e-01
2.375890731811523438e+00 -9.308999999999999497e-01
2.432887792587280273e+00 -9.310000000000000497e-01
2.475865840911865234e+00 -9.305999999999999828e-01
2.532930612564086914e+00 -9.311000000000000387e-01
2.589904785156250000e+00 -9.308999999999999497e-01
2.631895780563354492e+00 -9.311000000000000387e-01
2.688939809799194336e+00 -9.308999999999999497e-01
2.731988906860351562e+00 -9.313000000000000167e-01
2.788920640945434570e+00 -9.308999999999999497e-01
2.830889940261840820e+00 -9.310000000000000497e-01
2.887916803359985352e+00 -9.310000000000000497e-01
2.931082963943481445e+00 -9.310000000000000497e-01
2.987996816635131836e+00 -9.305999999999999828e-01
3.030989646911621094e+00 -9.312000000000000277e-01
3.087008953094482422e+00 -9.310000000000000497e-01
3.130016803741455078e+00 -9.308999999999999497e-01
3.187043666839599609e+00 -9.307999999999999607e-01
3.230062723159790039e+00 -9.310000000000000497e-01
3.287050962448120117e+00 -9.311000000000000387e-01
3.329027652740478516e+00 -9.310000000000000497e-01
3.386043787002563477e+00 -9.306999999999999718e-01
3.429045915603637695e+00 -9.311000000000000387e-01
3.486044883728027344e+00 -9.308999999999999497e-01
3.528046846389770508e+00 -9.306999999999999718e-01
3.585071802139282227e+00 -9.314000000000000057e-01
3.642071723937988281e+00 -9.312000000000000277e-01
3.684085845947265625e+00 -9.308999999999999497e-01
3.742014884948730469e+00 -9.305999999999999828e-01
3.784009933471679688e+00 -9.308999999999999497e-01
3.840981960296630859e+00 -9.307999999999999607e-01
3.883986711502075195e+00 -9.313000000000000167e-01
3.941158771514892578e+00 -9.307999999999999607e-01
3.983105659484863281e+00 -9.312000000000000277e-01
4.040083885192871094e+00 -9.307999999999999607e-01
4.083094835281372070e+00 -9.311000000000000387e-01
4.140123844146728516e+00 -9.305999999999999828e-01
4.182153940200805664e+00 -9.311000000000000387e-01
4.239124774932861328e+00 -9.306999999999999718e-01
4.282090902328491211e+00 -9.311000000000000387e-01
4.339097738265991211e+00 -9.305999999999999828e-01
4.381189823150634766e+00 -9.310000000000000497e-01
4.438110828399658203e+00 -9.307999999999999607e-01
4.481122016906738281e+00 -9.311000000000000387e-01
4.538130760192871094e+00 -9.307999999999999607e-01
4.595157861709594727e+00 -9.310000000000000497e-01
4.637139797210693359e+00 -9.310000000000000497e-01
4.694182872772216797e+00 -9.313000000000000167e-01
4.737170934677124023e+00 -9.314000000000000057e-01
4.794171810150146484e+00 -9.311000000000000387e-01
4.837141990661621094e+00 -9.310000000000000497e-01
4.893151998519897461e+00 -9.307999999999999607e-01
4.936172723770141602e+00 -9.314000000000000057e-01
4.993158817291259766e+00 -9.313000000000000167e-01
5.035170793533325195e+00 -9.308999999999999497e-01
5.092170953750610352e+00 -9.308999999999999497e-01
5.135167837142944336e+00 -9.310000000000000497e-01
5.192223787307739258e+00 -9.306999999999999718e-01
5.235180616378784180e+00 -9.311000000000000387e-01
5.291143894195556641e+00 -9.311000000000000387e-01
5.334194898605346680e+00 -9.313000000000000167e-01
5.391213655471801758e+00 -9.307999999999999607e-01
5.448227643966674805e+00 -9.311000000000000387e-01
5.491201639175415039e+00 -9.312000000000000277e-01
5.547227859497070312e+00 -9.313000000000000167e-01
5.590210676193237305e+00 -9.311000000000000387e-01
5.647222995758056641e+00 -9.312000000000000277e-01
5.690236806869506836e+00 -9.312000000000000277e-01
5.747251749038696289e+00 -9.312000000000000277e-01
5.789240598678588867e+00 -9.308999999999999497e-01
5.846215724945068359e+00 -9.313000000000000167e-01
5.889219760894775391e+00 -9.310000000000000497e-01
5.946215867996215820e+00 -9.310000000000000497e-01
5.988243818283081055e+00 -9.310000000000000497e-01
6.045234918594360352e+00 -9.311000000000000387e-01
6.088228702545166016e+00 -9.312000000000000277e-01
6.145255804061889648e+00 -9.313000000000000167e-01
6.202275753021240234e+00 -9.311000000000000387e-01
6.244234800338745117e+00 -9.306999999999999718e-01
6.301257848739624023e+00 -9.310000000000000497e-01
6.344247579574584961e+00 -9.311000000000000387e-01
6.401277780532836914e+00 -9.310000000000000497e-01
6.443243980407714844e+00 -9.310000000000000497e-01
6.500250816345214844e+00 -9.314000000000000057e-01
6.543254852294921875e+00 -9.308999999999999497e-01
6.600289821624755859e+00 -9.311000000000000387e-01
6.642251968383789062e+00 -9.313000000000000167e-01
6.699299812316894531e+00 -9.311000000000000387e-01
6.742289781570434570e+00 -9.308999999999999497e-01
6.799302816390991211e+00 -9.313000000000000167e-01
6.842258930206298828e+00 -9.311000000000000387e-01
6.898396730422973633e+00 -9.314000000000000057e-01
6.941293716430664062e+00 -9.311000000000000387e-01
6.998315811157226562e+00 -9.313000000000000167e-01
7.041239023208618164e+00 -9.308999999999999497e-01
7.097234725952148438e+00 -9.314000000000000057e-01
7.140259742736816406e+00 -9.312000000000000277e-01
7.197335720062255859e+00 -9.314999999999999947e-01
7.240279674530029297e+00 -9.311000000000000387e-01
7.297264814376831055e+00 -9.312000000000000277e-01
7.353273630142211914e+00 -9.310000000000000497e-01
7.396290779113769531e+00 -9.314000000000000057e-01
7.453294754028320312e+00 -9.313000000000000167e-01
7.496281623840332031e+00 -9.312000000000000277e-01
7.553330898284912109e+00 -9.314999999999999947e-01
7.595364809036254883e+00 -9.312000000000000277e-01
7.652341842651367188e+00 -9.314999999999999947e-01
7.695315837860107422e+00 -9.314000000000000057e-01
7.752329826354980469e+00 -9.313000000000000167e-01
7.794313907623291016e+00 -9.311000000000000387e-01
7.851331710815429688e+00 -9.312000000000000277e-01
7.894353866577148438e+00 -9.311000000000000387e-01
7.951336860656738281e+00 -9.314000000000000057e-01
7.993310928344726562e+00 -9.311000000000000387e-01
8.050353765487670898e+00 -9.312000000000000277e-01
8.093329906463623047e+00 -9.308999999999999497e-01
8.150357961654663086e+00 -9.314000000000000057e-01
8.207369804382324219e+00 -9.312000000000000277e-01
8.249359846115112305e+00 -9.314000000000000057e-01
8.306343793869018555e+00 -9.313000000000000167e-01
8.349352836608886719e+00 -9.313000000000000167e-01
8.406358957290649414e+00 -9.312000000000000277e-01
8.448399782180786133e+00 -9.311000000000000387e-01
8.505352735519409180e+00 -9.310000000000000497e-01
8.548382759094238281e+00 -9.313000000000000167e-01
8.605359792709350586e+00 -9.311000000000000387e-01
8.647433757781982422e+00 -9.314999999999999947e-01
8.704401731491088867e+00 -9.312000000000000277e-01
8.747391939163208008e+00 -9.314999999999999947e-01
8.804397821426391602e+00 -9.312000000000000277e-01
8.847412824630737305e+00 -9.312000000000000277e-01
8.903378725051879883e+00 -9.311000000000000387e-01
8.946356773376464844e+00 -9.311000000000000387e-01
9.003376722335815430e+00 -9.312000000000000277e-01
9.060404777526855469e+00 -9.314000000000000057e-01
9.102522850036621094e+00 -9.312000000000000277e-01
9.159558773040771484e+00 -9.314000000000000057e-01
9.202466011047363281e+00 -9.312000000000000277e-01
9.259673833847045898e+00 -9.311000000000000387e-01
9.301607847213745117e+00 -9.311000000000000387e-01
9.358667850494384766e+00 -9.311000000000000387e-01
9.401604652404785156e+00 -9.314999999999999947e-01
9.458672761917114258e+00 -9.306999999999999718e-01
9.501601934432983398e+00 -9.313000000000000167e-01
9.557685852050781250e+00 -9.314999999999999947e-01
9.600556612014770508e+00 -9.315999999999999837e-01
9.657694816589355469e+00 -9.314000000000000057e-01
9.700529813766479492e+00 -9.314999999999999947e-01
9.757702827453613281e+00 -9.311000000000000387e-01
9.799567699432373047e+00 -9.315999999999999837e-01
9.856717824935913086e+00 -9.311000000000000387e-01
9.913682937622070312e+00 -9.314000000000000057e-01
9.956709861755371094e+00 -9.313000000000000167e-01
1.001264190673828125e+01 -9.314999999999999947e-01
1.005560088157653809e+01 -9.314000000000000057e-01
1.011245894432067871e+01 -9.314999999999999947e-01
1.015541577339172363e+01 -9.312000000000000277e-01
1.021236085891723633e+01 -9.317999999999999616e-01
1.025431585311889648e+01 -9.314999999999999947e-01
1.031144380569458008e+01 -9.314999999999999947e-01
1.035438370704650879e+01 -9.314000000000000057e-01
1.041144394874572754e+01 -9.310000000000000497e-01
1.045338273048400879e+01 -9.316999999999999726e-01
1.051038980484008789e+01 -9.314999999999999947e-01
1.055334377288818359e+01 -9.312000000000000277e-01
1.061036682128906250e+01 -9.310000000000000497e-01
1.065237975120544434e+01 -9.312000000000000277e-01
1.070945096015930176e+01 -9.312000000000000277e-01
1.075238776206970215e+01 -9.320000000000000506e-01
1.080936861038208008e+01 -9.313000000000000167e-01
1.085240387916564941e+01 -9.314999999999999947e-01
1.090842270851135254e+01 -9.314000000000000057e-01
1.095139575004577637e+01 -9.315999999999999837e-01
1.100839185714721680e+01 -9.314000000000000057e-01
1.106544566154479980e+01 -9.313000000000000167e-01
1.110859966278076172e+01 -9.313000000000000167e-01
1.116452074050903320e+01 -9.315999999999999837e-01
1.120749878883361816e+01 -9.315999999999999837e-01
1.126452088356018066e+01 -9.317999999999999616e-01
1.130747270584106445e+01 -9.317999999999999616e-01
1.136340975761413574e+01 -9.316999999999999726e-01
1.140637898445129395e+01 -9.315999999999999837e-01
1.146340298652648926e+01 -9.316999999999999726e-01
1.150639677047729492e+01 -9.315999999999999837e-01
1.156339192390441895e+01 -9.314999999999999947e-01
1.160535883903503418e+01 -9.316999999999999726e-01
1.166238284111022949e+01 -9.317999999999999616e-01
1.170544672012329102e+01 -9.314000000000000057e-01
1.176237797737121582e+01 -9.315999999999999837e-01
1.180436396598815918e+01 -9.314000000000000057e-01
1.186137771606445312e+01 -9.315999999999999837e-01
1.190443277359008789e+01 -9.311000000000000387e-01
1.196136498451232910e+01 -9.313000000000000167e-01
1.201836895942687988e+01 -9.315999999999999837e-01
1.206037569046020508e+01 -9.313000000000000167e-01
1.211738967895507812e+01 -9.313000000000000167e-01
1.216037082672119141e+01 -9.312000000000000277e-01
1.221746993064880371e+01 -9.316999999999999726e-01
1.225941085815429688e+01 -9.312000000000000277e-01
1.231640291213989258e+01 -9.315999999999999837e-01
1.235944962501525879e+01 -9.311000000000000387e-01
1.241639780998229980e+01 -9.315999999999999837e-01
1.245839166641235352e+01 -9.311000000000000387e-01
1.251538777351379395e+01 -9.315999999999999837e-01
1.255834078788757324e+01 -9.312000000000000277e-01
1.261538076400756836e+01 -9.316999999999999726e-01
1.265733671188354492e+01 -9.311000000000000387e-01
1.271439671516418457e+01 -9.314999999999999947e-01
1.275733780860900879e+01 -9.313000000000000167e-01
1.281434679031372070e+01 -9.314999999999999947e-01
1.287134265899658203e+01 -9.314000000000000057e-01
1.291333770751953125e+01 -9.315999999999999837e-01
1.297033691406250000e+01 -9.316999999999999726e-01
1.301334071159362793e+01 -9.316999999999999726e-01
1.307034587860107422e+01 -9.315999999999999837e-01
1.311234974861145020e+01 -9.318999999999999506e-01
1.316938376426696777e+01 -9.314000000000000057e-01
1.321240282058715820e+01 -9.316999999999999726e-01
1.326936388015747070e+01 -9.315999999999999837e-01
1.331235289573669434e+01 -9.314000000000000057e-01
1.336834883689880371e+01 -9.314999999999999947e-01
1.341134881973266602e+01 -9.315999999999999837e-01
1.346834874153137207e+01 -9.313000000000000167e-01
1.351138687133789062e+01 -9.315999999999999837e-01
1.356735277175903320e+01 -9.314999999999999947e-01
1.361038160324096680e+01 -9.313000000000000167e-01
1.366737675666809082e+01 -9.314999999999999947e-01
1.371041369438171387e+01 -9.314999999999999947e-01
1.376736259460449219e+01 -9.315999999999999837e-01
1.382336997985839844e+01 -9.314000000000000057e-01
1.386635684967041016e+01 -9.317999999999999616e-01
1.392339992523193359e+01 -9.314999999999999947e-01
1.396634793281555176e+01 -9.315999999999999837e-01
1.402337574958801270e+01 -9.314999999999999947e-01
1.406536293029785156e+01 -9.316999999999999726e-01
1.412238264083862305e+01 -9.314000000000000057e-01
1.416534590721130371e+01 -9.314999999999999947e-01
1.422245383262634277e+01 -9.313000000000000167e-01
1.426436471939086914e+01 -9.318999999999999506e-01
1.432141995429992676e+01 -9.313000000000000167e-01
1.436435890197753906e+01 -9.312000000000000277e-01
1.442135596275329590e+01 -9.311000000000000387e-01
1.446334886550903320e+01 -9.314000000000000057e-01
1.452035284042358398e+01 -9.314000000000000057e-01
1.456335163116455078e+01 -9.315999999999999837e-01
1.462034988403320312e+01 -9.315999999999999837e-01
1.467736983299255371e+01 -9.315999999999999837e-01
1.471938562393188477e+01 -9.314999999999999947e-01
1.477638578414916992e+01 -9.316999999999999726e-01
1.481938982009887695e+01 -9.315999999999999837e-01
1.487634992599487305e+01 -9.316999999999999726e-01
1.491836881637573242e+01 -9.314999999999999947e-01
1.497536087036132812e+01 -9.314999999999999947e-01
1.501834797859191895e+01 -9.316999999999999726e-01
1.507534265518188477e+01 -9.320000000000000506e-01
1.511841773986816406e+01 -9.317999999999999616e-01
1.517445492744445801e+01 -9.315999999999999837e-01
1.521735286712646484e+01 -9.316999999999999726e-01
1.527443575859069824e+01 -9.312000000000000277e-01
1.531736779212951660e+01 -9.315999999999999837e-01
1.537435579299926758e+01 -9.314000000000000057e-01
1.543033289909362793e+01 -9.315999999999999837e-01
1.547337865829467773e+01 -9.310000000000000497e-01
1.553036165237426758e+01 -9.321000000000000396e-01
1.557335090637207031e+01 -9.314000000000000057e-01
1.562934875488281250e+01 -9.320000000000000506e-01
1.567235398292541504e+01 -9.313000000000000167e-01
1.572937488555908203e+01 -9.315999999999999837e-01
1.577235078811645508e+01 -9.314000000000000057e-01
1.582933378219604492e+01 -9.313000000000000167e-01
1.587139391899108887e+01 -9.314000000000000057e-01
1.592835283279418945e+01 -9.315999999999999837e-01
1.597134160995483398e+01 -9.315999999999999837e-01
1.602835988998413086e+01 -9.317999999999999616e-01
1.607032775878906250e+01 -9.316999999999999726e-01
1.612734889984130859e+01 -9.318999999999999506e-01
1.617040205001831055e+01 -9.313000000000000167e-01
1.622738361358642578e+01 -9.315999999999999837e-01
1.626932477951049805e+01 -9.313000000000000167e-01
1.632637691497802734e+01 -9.315999999999999837e-01
1.636935281753540039e+01 -9.315999999999999837e-01
1.642632770538330078e+01 -9.314000000000000057e-01
1.646837186813354492e+01 -9.317999999999999616e-01
1.652549195289611816e+01 -9.313000000000000167e-01
1.658240675926208496e+01 -9.313000000000000167e-01
1.662535285949707031e+01 -9.313000000000000167e-01
1.668237996101379395e+01 -9.318999999999999506e-01
1.672441077232360840e+01 -9.315999999999999837e-01
1.678135967254638672e+01 -9.320000000000000506e-01
1.682432484626770020e+01 -9.315999999999999837e-01
1.688133978843688965e+01 -9.318999999999999506e-01
1.692436885833740234e+01 -9.315999999999999837e-01
1.698033380508422852e+01 -9.316999999999999726e-01
1.702332282066345215e+01 -9.314000000000000057e-01
1.708032083511352539e+01 -9.320000000000000506e-01
1.712232375144958496e+01 -9.318999999999999506e-01
1.718047690391540527e+01 -9.318999999999999506e-01
1.722249269485473633e+01 -9.315999999999999837e-01
1.727933168411254883e+01 -9.318999999999999506e-01
1.732236170768737793e+01 -9.314000000000000057e-01
1.737832880020141602e+01 -9.321000000000000396e-01
1.742129683494567871e+01 -9.316999999999999726e-01
1.747831082344055176e+01 -9.315999999999999837e-01
1.753530287742614746e+01 -9.313000000000000167e-01
1.757833790779113770e+01 -9.317999999999999616e-01
1.763440680503845215e+01 -9.316999999999999726e-01
1.767740893363952637e+01 -9.318999999999999506e-01
1.773443198204040527e+01 -9.318999999999999506e-01
1.777744269371032715e+01 -9.318999999999999506e-01
1.783441376686096191e+01 -9.317999999999999616e-01
1.787634682655334473e+01 -9.316999999999999726e-01
1.793340277671813965e+01 -9.317999999999999616e-01
1.797635984420776367e+01 -9.318999999999999506e-01
1.803346991539001465e+01 -9.317999999999999616e-01
1.807546877861022949e+01 -9.316999999999999726e-01
1.813255763053894043e+01 -9.318999999999999506e-01
1.817546582221984863e+01 -9.313000000000000167e-01
1.823241496086120605e+01 -9.316999999999999726e-01
1.827437281608581543e+01 -9.314999999999999947e-01
1.833135485649108887e+01 -9.320000000000000506e-01
1.837441277503967285e+01 -9.314000000000000057e-01
1.843139076232910156e+01 -9.321000000000000396e-01
1.848836874961853027e+01 -9.313000000000000167e-01
1.853037476539611816e+01 -9.315999999999999837e-01
1.858736586570739746e+01 -9.314000000000000057e-01
1.863036990165710449e+01 -9.317999999999999616e-01
1.868738365173339844e+01 -9.314999999999999947e-01
1.872937583923339844e+01 -9.315999999999999837e-01
1.878636884689331055e+01 -9.313000000000000167e-01
1.882933974266052246e+01 -9.314999999999999947e-01
1.888632774353027344e+01 -9.315999999999999837e-01
1.892931079864501953e+01 -9.316999999999999726e-01
1.898537802696228027e+01 -9.314000000000000057e-01
1.902832365036010742e+01 -9.316999999999999726e-01
1.908544278144836426e+01 -9.314999999999999947e-01
1.912849259376525879e+01 -9.314000000000000057e-01
1.918465185165405273e+01 -9.314000000000000057e-01
1.924166679382324219e+01 -9.314000000000000057e-01
1.928466892242431641e+01 -9.313000000000000167e-01
1.934155893325805664e+01 -9.315999999999999837e-01
1.938458800315856934e+01 -9.317999999999999616e-01
1.944057774543762207e+01 -9.314999999999999947e-01
1.948366165161132812e+01 -9.314999999999999947e-01
1.954051685333251953e+01 -9.314000000000000057e-01
1.958353257179260254e+01 -9.314000000000000057e-01
1.964060282707214355e+01 -9.314999999999999947e-01
1.968259382247924805e+01 -9.314999999999999947e-01
1.973957395553588867e+01 -9.314999999999999947e-01
1.978249478340148926e+01 -9.316999999999999726e-01
1.983956289291381836e+01 -9.313000000000000167e-01
1.989565467834472656e+01 -9.317999999999999616e-01
1.993859672546386719e+01 -9.314999999999999947e-01
1.999562788009643555e+01 -9.315999999999999837e-01
2.003859472274780273e+01 -9.312000000000000277e-01
2.009554362297058105e+01 -9.314000000000000057e-01
2.013733196258544922e+01 -9.313000000000000167e-01
2.019437479972839355e+01 -9.312000000000000277e-01
2.023729872703552246e+01 -9.314000000000000057e-01
2.029434871673583984e+01 -9.315999999999999837e-01
2.033637571334838867e+01 -9.314000000000000057e-01
2.039338493347167969e+01 -9.313000000000000167e-01
2.043636393547058105e+01 -9.314000000000000057e-01
2.049334669113159180e+01 -9.314999999999999947e-01
2.053532981872558594e+01 -9.310000000000000497e-01
2.059233689308166504e+01 -9.308999999999999497e-01
2.063533282279968262e+01 -9.314000000000000057e-01
2.069234466552734375e+01 -9.314999999999999947e-01
2.073533797264099121e+01 -9.314000000000000057e-01
2.079134058952331543e+01 -9.314999999999999947e-01
2.083435583114624023e+01 -9.314000000000000057e-01
2.089134073257446289e+01 -9.314000000000000057e-01
2.094834876060485840e+01 -9.317999999999999616e-01
2.099131965637207031e+01 -9.313000000000000167e-01
2.104730081558227539e+01 -9.315999999999999837e-01
2.109029769897460938e+01 -9.312000000000000277e-01
2.114735484123229980e+01 -9.314000000000000057e-01
2.118933391571044922e+01 -9.312000000000000277e-01
2.124635791778564453e+01 -9.315999999999999837e-01
2.128930783271789551e+01 -9.308999999999999497e-01
2.134636282920837402e+01 -9.313000000000000167e-01
2.138831472396850586e+01 -9.313000000000000167e-01
2.144531679153442383e+01 -9.314999999999999947e-01
2.148829674720764160e+01 -9.314999999999999947e-01
2.154530882835388184e+01 -9.316999999999999726e-01
2.158829474449157715e+01 -9.313000000000000167e-01
2.164429783821105957e+01 -9.314000000000000057e-01
2.170131683349609375e+01 -9.313000000000000167e-01
2.174428677558898926e+01 -9.314000000000000057e-01
2.180129098892211914e+01 -9.311000000000000387e-01
2.184426474571228027e+01 -9.314999999999999947e-01
2.190031385421752930e+01 -9.316999999999999726e-01
2.194329476356506348e+01 -9.312000000000000277e-01
2.200030899047851562e+01 -9.314000000000000057e-01
2.204331183433532715e+01 -9.314999999999999947e-01
2.210031270980834961e+01 -9.314000000000000057e-01
2.214230680465698242e+01 -9.314999999999999947e-01
2.219932794570922852e+01 -9.313000000000000167e-01
2.224233794212341309e+01 -9.314999999999999947e-01
2.229935264587402344e+01 -9.314000000000000057e-01
2.234131288528442383e+01 -9.311000000000000387e-01
2.239831495285034180e+01 -9.314999999999999947e-01
2.244133186340332031e+01 -9.313000000000000167e-01
2.249836373329162598e+01 -9.318999999999999506e-01
2.254033470153808594e+01 -9.314999999999999947e-01
2.259726572036743164e+01 -9.314000000000000057e-01
2.265422987937927246e+01 -9.315999999999999837e-01
2.269727373123168945e+01 -9.314000000000000057e-01
2.275420475006103516e+01 -9.313000000000000167e-01
2.279619288444519043e+01 -9.313000000000000167e-01
2.285316872596740723e+01 -9.308999999999999497e-01
2.289617991447448730e+01 -9.314999999999999947e-01
2.295316076278686523e+01 -9.311000000000000387e-01
2.299514961242675781e+01 -9.314999999999999947e-01
2.305219078063964844e+01 -9.313000000000000167e-01
2.309518671035766602e+01 -9.314999999999999947e-01
2.315217185020446777e+01 -9.310000000000000497e-01
2.319522380828857422e+01 -9.314999999999999947e-01
2.325120258331298828e+01 -9.312000000000000277e-01
2.329418802261352539e+01 -9.312000000000000277e-01
2.335115385055541992e+01 -9.315999999999999837e-01
2.340816378593444824e+01 -9.315999999999999837e-01
2.345016980171203613e+01 -9.314000000000000057e-01
2.350715899467468262e+01 -9.314999999999999947e-01
2.355013179779052734e+01 -9.316999999999999726e-01
2.360713863372802734e+01 -9.314000000000000057e-01
2.365015387535095215e+01 -9.316999999999999726e-01
2.370620679855346680e+01 -9.313000000000000167e-01
2.374915194511413574e+01 -9.317999999999999616e-01
2.380611395835876465e+01 -9.314000000000000057e-01
2.384912991523742676e+01 -9.312000000000000277e-01
2.390620183944702148e+01 -9.310000000000000497e-01
2.394810175895690918e+01 -9.313000000000000167e-01
2.400519585609436035e+01 -9.312000000000000277e-01
2.404823088645935059e+01 -9.316999999999999726e-01
2.410514879226684570e+01 -9.312000000000000277e-01
2.414715790748596191e+01 -9.316999999999999726e-01
2.420417785644531250e+01 -9.311000000000000387e-01
2.424710178375244141e+01 -9.315999999999999837e-01
2.430409288406372070e+01 -9.314999999999999947e-01
2.434610199928283691e+01 -9.314000000000000057e-01
2.440306973457336426e+01 -9.313000000000000167e-01
2.446010279655456543e+01 -9.314999999999999947e-01
2.450309777259826660e+01 -9.312000000000000277e-01
2.456010270118713379e+01 -9.314000000000000057e-01
2.460207366943359375e+01 -9.313000000000000167e-01
2.465906286239624023e+01 -9.315999999999999837e-01
2.470217180252075195e+01 -9.313000000000000167e-01
2.475906300544738770e+01 -9.313000000000000167e-01
2.480107283592224121e+01 -9.315999999999999837e-01
2.485808682441711426e+01 -9.314000000000000057e-01
2.490113973617553711e+01 -9.314999999999999947e-01
2.495806479454040527e+01 -9.316999999999999726e-01
2.500006556510925293e+01 -9.313000000000000167e-01
2.505711984634399414e+01 -9.315999999999999837e-01
2.510007286071777344e+01 -9.315999999999999837e-01
2.515711092948913574e+01 -9.315999999999999837e-01
2.519905567169189453e+01 -9.314000000000000057e-01
2.525604295730590820e+01 -9.312000000000000277e-01
2.529911875724792480e+01 -9.314999999999999947e-01
2.535609173774719238e+01 -9.308999999999999497e-01
2.541302776336669922e+01 -9.313000000000000167e-01
2.545504689216613770e+01 -9.314000000000000057e-01
2.551203465461730957e+01 -9.312000000000000277e-01
2.555503582954406738e+01 -9.312000000000000277e-01
2.561202478408813477e+01 -9.317999999999999616e-01
2.565407466888427734e+01 -9.313000000000000167e-01
2.571105360984802246e+01 -9.314999999999999947e-01
2.575402283668518066e+01 -9.310000000000000497e-01
2.581101989746093750e+01 -9.314999999999999947e-01
2.585401868820190430e+01 -9.311000000000000387e-01
2.591005778312683105e+01 -9.316999999999999726e-01
2.595305871963500977e+01 -9.314000000000000057e-01
2.600998282432556152e+01 -9.315999999999999837e-01
2.605303192138671875e+01 -9.312000000000000277e-01
2.611003971099853516e+01 -9.314000000000000057e-01
2.615201091766357422e+01 -9.311000000000000387e-01
2.620902967453002930e+01 -9.314000000000000057e-01
2.625199365615844727e+01 -9.314000000000000057e-01
2.630899190902709961e+01 -9.315999999999999837e-01
2.636499786376953125e+01 -9.315999999999999837e-01
2.640796375274658203e+01 -9.313000000000000167e-01
2.646498298645019531e+01 -9.316999999999999726e-01
2.650795888900756836e+01 -9.314999999999999947e-01
2.656495785713195801e+01 -9.316999999999999726e-01
2.660695767402648926e+01 -9.314000000000000057e-01
2.666395902633666992e+01 -9.315999999999999837e-01
2.670698380470275879e+01 -9.311000000000000387e-01
2.676396584510803223e+01 -9.317999999999999616e-01
2.680594301223754883e+01 -9.312000000000000277e-01
2.686296081542968750e+01 -9.314999999999999947e-01
2.690594363212585449e+01 -9.312000000000000277e-01
2.696298074722290039e+01 -9.315999999999999837e-01
2.700494980812072754e+01 -9.314000000000000057e-01
2.706194567680358887e+01 -9.314000000000000057e-01
2.710493278503417969e+01 -9.311000000000000387e-01
2.716198492050170898e+01 -9.314999999999999947e-01
2.720494794845581055e+01 -9.311000000000000387e-01
2.726097083091735840e+01 -9.311000000000000387e-01
2.731792569160461426e+01 -9.313000000000000167e-01
2.736093688011169434e+01 -9.316999999999999726e-01
2.741791081428527832e+01 -9.312000000000000277e-01
2.746091485023498535e+01 -9.314000000000000057e-01
2.751694774627685547e+01 -9.313000000000000167e-01
2.755991291999816895e+01 -9.311000000000000387e-01
2.761690282821655273e+01 -9.311000000000000387e-01
2.765989565849304199e+01 -9.310000000000000497e-01
2.771593689918518066e+01 -9.314999999999999947e-01
2.775891184806823730e+01 -9.311000000000000387e-01
2.781589770317077637e+01 -9.310000000000000497e-01
2.785887980461120605e+01 -9.312000000000000277e-01
2.791593599319458008e+01 -9.315999999999999837e-01
2.795790672302246094e+01 -9.314000000000000057e-01
2.801488375663757324e+01 -9.314999999999999947e-01
2.805787968635559082e+01 -9.311000000000000387e-01
2.811490368843078613e+01 -9.312000000000000277e-01
2.817191290855407715e+01 -9.310000000000000497e-01
2.821388888359069824e+01 -9.314999999999999947e-01
2.827087473869323730e+01 -9.310000000000000497e-01
2.831385874748229980e+01 -9.315999999999999837e-01
2.837087368965148926e+01 -9.313000000000000167e-01
2.841288590431213379e+01 -9.315999999999999837e-01
2.846986579895019531e+01 -9.314000000000000057e-01
2.851285886764526367e+01 -9.314999999999999947e-01
2.856986474990844727e+01 -9.313000000000000167e-01
2.861185097694396973e+01 -9.311000000000000387e-01
2.866889381408691406e+01 -9.313000000000000167e-01
2.871187663078308105e+01 -9.314000000000000057e-01
2.876886677742004395e+01 -9.310000000000000497e-01
2.881084799766540527e+01 -9.314000000000000057e-01
2.886783885955810547e+01 -9.313000000000000167e-01
2.891083073616027832e+01 -9.314000000000000057e-01
2.896782994270324707e+01 -9.312000000000000277e-01
2.902482771873474121e+01 -9.314000000000000057e-01
2.906692767143249512e+01 -9.314999999999999947e-01
2.912411069869995117e+01 -9.312000000000000277e-01
2.916699695587158203e+01 -9.315999999999999837e-01
2.922394680976867676e+01 -9.314000000000000057e-01
2.926712703704833984e+01 -9.313000000000000167e-01
2.932316994667053223e+01 -9.308999999999999497e-01
2.936605286598205566e+01 -9.312000000000000277e-01
2.942309784889221191e+01 -9.312000000000000277e-01
2.946513462066650391e+01 -9.314999999999999947e-01
2.952316880226135254e+01 -9.312000000000000277e-01
2.956510472297668457e+01 -9.314999999999999947e-01
2.962220692634582520e+01 -9.310000000000000497e-01
2.966506481170654297e+01 -9.312000000000000277e-01
2.972123289108276367e+01 -9.311000000000000387e-01
2.976411271095275879e+01 -9.314999999999999947e-01
2.982120776176452637e+01 -9.307999999999999607e-01
2.986410975456237793e+01 -9.308999999999999497e-01
2.992018890380859375e+01 -9.311000000000000387e-01
2.996306467056274414e+01 -9.310000000000000497e-01
