# ./Data/BW2025-02-07_16:14:07sky
# Duration (in s): 30
# Pointing Position of the Horn: Sky
# Angle pointing (from horizontal perpendicular to supporting axis): 48.70
# Angle pointing (from horizontal parallel to supporting axis): 130
# Calibrator used: NO
# Temperature Outside (in celcius): 25.4
# Temperature of the calibrator (in celcius): Low
# Weather: very clear
# Units: Volts
5.197525024414062500e-05 -3.466000000000000192e-01
3.779482841491699219e-02 -3.461000000000000187e-01
9.471702575683593750e-02 -3.464999999999999747e-01
1.376657485961914062e-01 -3.462999999999999967e-01
1.949677467346191406e-01 -3.462999999999999967e-01
2.368369102478027344e-01 -3.462999999999999967e-01
2.939558029174804688e-01 -3.463999999999999857e-01
3.367948532104492188e-01 -3.464999999999999747e-01
3.939678668975830078e-01 -3.463999999999999857e-01
4.368457794189453125e-01 -3.462999999999999967e-01
4.929528236389160156e-01 -3.464999999999999747e-01
5.358858108520507812e-01 -3.466000000000000192e-01
5.929789543151855469e-01 -3.463999999999999857e-01
6.358768939971923828e-01 -3.463999999999999857e-01
6.919801235198974609e-01 -3.462000000000000077e-01
7.348649501800537109e-01 -3.463999999999999857e-01
7.919719219207763672e-01 -3.462999999999999967e-01
8.347978591918945312e-01 -3.463999999999999857e-01
8.907647132873535156e-01 -3.462999999999999967e-01
9.476509094238281250e-01 -3.464999999999999747e-01
9.906539916992187500e-01 -3.462000000000000077e-01
1.047588825225830078e+00 -3.464999999999999747e-01
1.090669870376586914e+00 -3.462999999999999967e-01
1.146697044372558594e+00 -3.464999999999999747e-01
1.189596891403198242e+00 -3.462000000000000077e-01
1.246710062026977539e+00 -3.466000000000000192e-01
1.289578914642333984e+00 -3.462000000000000077e-01
1.346622943878173828e+00 -3.466000000000000192e-01
1.388520002365112305e+00 -3.462999999999999967e-01
1.445503950119018555e+00 -3.464999999999999747e-01
1.488710880279541016e+00 -3.462000000000000077e-01
1.545544862747192383e+00 -3.464999999999999747e-01
1.588521957397460938e+00 -3.462999999999999967e-01
1.644490957260131836e+00 -3.464999999999999747e-01
1.687537908554077148e+00 -3.462000000000000077e-01
1.744498968124389648e+00 -3.463999999999999857e-01
1.786490917205810547e+00 -3.463999999999999857e-01
1.844476938247680664e+00 -3.463999999999999857e-01
1.900496959686279297e+00 -3.462000000000000077e-01
1.943493843078613281e+00 -3.461000000000000187e-01
2.000488042831420898e+00 -3.462999999999999967e-01
2.042488813400268555e+00 -3.461000000000000187e-01
2.099478960037231445e+00 -3.462999999999999967e-01
2.142508745193481445e+00 -3.461000000000000187e-01
2.199445009231567383e+00 -3.464999999999999747e-01
2.241526842117309570e+00 -3.462000000000000077e-01
2.298448801040649414e+00 -3.463999999999999857e-01
2.341424942016601562e+00 -3.461000000000000187e-01
2.398429870605468750e+00 -3.462999999999999967e-01
2.441410779953002930e+00 -3.461000000000000187e-01
2.497455835342407227e+00 -3.466000000000000192e-01
2.554415941238403320e+00 -3.459999999999999742e-01
2.597405910491943359e+00 -3.466000000000000192e-01
2.654393911361694336e+00 -3.461000000000000187e-01
2.697397947311401367e+00 -3.462999999999999967e-01
2.753394842147827148e+00 -3.462999999999999967e-01
2.796364068984985352e+00 -3.462999999999999967e-01
2.853361845016479492e+00 -3.462000000000000077e-01
2.896383047103881836e+00 -3.462000000000000077e-01
2.953414916992187500e+00 -3.462000000000000077e-01
2.995361804962158203e+00 -3.463999999999999857e-01
3.052340030670166016e+00 -3.462000000000000077e-01
3.095351696014404297e+00 -3.462999999999999967e-01
3.152332067489624023e+00 -3.462000000000000077e-01
3.194359779357910156e+00 -3.462000000000000077e-01
3.251331806182861328e+00 -3.462000000000000077e-01
3.294324874877929688e+00 -3.462000000000000077e-01
3.351353883743286133e+00 -3.463999999999999857e-01
3.408284902572631836e+00 -3.462999999999999967e-01
3.450306892395019531e+00 -3.463999999999999857e-01
3.507321834564208984e+00 -3.462000000000000077e-01
3.550335884094238281e+00 -3.464999999999999747e-01
3.607289791107177734e+00 -3.462000000000000077e-01
3.649291038513183594e+00 -3.466000000000000192e-01
3.706353902816772461e+00 -3.462000000000000077e-01
3.749281883239746094e+00 -3.463999999999999857e-01
3.806267976760864258e+00 -3.462000000000000077e-01
3.848259925842285156e+00 -3.463999999999999857e-01
3.905265808105468750e+00 -3.462999999999999967e-01
3.948300838470458984e+00 -3.463999999999999857e-01
4.005280971527099609e+00 -3.461000000000000187e-01
4.048244953155517578e+00 -3.462000000000000077e-01
4.104252815246582031e+00 -3.462999999999999967e-01
4.147268772125244141e+00 -3.463999999999999857e-01
4.204217910766601562e+00 -3.461000000000000187e-01
4.247238874435424805e+00 -3.462999999999999967e-01
4.303200006484985352e+00 -3.461000000000000187e-01
4.346272945404052734e+00 -3.462999999999999967e-01
4.403199911117553711e+00 -3.462000000000000077e-01
4.446252107620239258e+00 -3.462999999999999967e-01
4.502231836318969727e+00 -3.463999999999999857e-01
4.559208869934082031e+00 -3.462999999999999967e-01
4.602181911468505859e+00 -3.464999999999999747e-01
4.659186840057373047e+00 -3.462999999999999967e-01
4.701188802719116211e+00 -3.464999999999999747e-01
4.759188890457153320e+00 -3.462999999999999967e-01
4.801172018051147461e+00 -3.463999999999999857e-01
4.858151912689208984e+00 -3.459999999999999742e-01
4.901153087615966797e+00 -3.462999999999999967e-01
4.957220792770385742e+00 -3.461000000000000187e-01
5.000172853469848633e+00 -3.463999999999999857e-01
5.057127952575683594e+00 -3.462000000000000077e-01
5.100157022476196289e+00 -3.464999999999999747e-01
5.157140016555786133e+00 -3.462999999999999967e-01
5.199110984802246094e+00 -3.463999999999999857e-01
5.256103992462158203e+00 -3.461000000000000187e-01
5.299123048782348633e+00 -3.462999999999999967e-01
5.356122970581054688e+00 -3.462000000000000077e-01
5.412113904953002930e+00 -3.463999999999999857e-01
5.455121994018554688e+00 -3.462999999999999967e-01
5.512126922607421875e+00 -3.462000000000000077e-01
5.555103063583374023e+00 -3.462000000000000077e-01
5.612072944641113281e+00 -3.462000000000000077e-01
5.654079914093017578e+00 -3.462000000000000077e-01
5.711066961288452148e+00 -3.463999999999999857e-01
5.754057884216308594e+00 -3.462000000000000077e-01
5.811074733734130859e+00 -3.462999999999999967e-01
5.853112936019897461e+00 -3.463999999999999857e-01
5.910044908523559570e+00 -3.462000000000000077e-01
5.953028917312622070e+00 -3.462999999999999967e-01
6.010210752487182617e+00 -3.462000000000000077e-01
6.052053928375244141e+00 -3.463999999999999857e-01
6.109026908874511719e+00 -3.462000000000000077e-01
6.152090787887573242e+00 -3.464999999999999747e-01
6.209053993225097656e+00 -3.462999999999999967e-01
6.252017974853515625e+00 -3.464999999999999747e-01
6.308025836944580078e+00 -3.462000000000000077e-01
6.351003885269165039e+00 -3.464999999999999747e-01
6.408044815063476562e+00 -3.462000000000000077e-01
6.451027870178222656e+00 -3.463999999999999857e-01
6.507987022399902344e+00 -3.462000000000000077e-01
6.563984870910644531e+00 -3.463999999999999857e-01
6.606989860534667969e+00 -3.461000000000000187e-01
6.663961887359619141e+00 -3.462999999999999967e-01
6.706986904144287109e+00 -3.461000000000000187e-01
6.762991905212402344e+00 -3.464999999999999747e-01
6.805990934371948242e+00 -3.462999999999999967e-01
6.862942934036254883e+00 -3.464999999999999747e-01
6.905959844589233398e+00 -3.461000000000000187e-01
6.962986946105957031e+00 -3.462999999999999967e-01
7.004947900772094727e+00 -3.462000000000000077e-01
7.061932086944580078e+00 -3.462999999999999967e-01
7.104920864105224609e+00 -3.461000000000000187e-01
7.161922693252563477e+00 -3.463999999999999857e-01
7.203916072845458984e+00 -3.462999999999999967e-01
7.260900735855102539e+00 -3.462999999999999967e-01
7.303883075714111328e+00 -3.463999999999999857e-01
7.360890865325927734e+00 -3.462999999999999967e-01
7.402913808822631836e+00 -3.462999999999999967e-01
7.459934949874877930e+00 -3.462000000000000077e-01
7.516926050186157227e+00 -3.462999999999999967e-01
7.559877872467041016e+00 -3.462000000000000077e-01
7.616874933242797852e+00 -3.463999999999999857e-01
7.658855915069580078e+00 -3.461000000000000187e-01
7.715886831283569336e+00 -3.463999999999999857e-01
7.758857011795043945e+00 -3.461000000000000187e-01
7.815844774246215820e+00 -3.463999999999999857e-01
7.857887983322143555e+00 -3.459999999999999742e-01
7.914845943450927734e+00 -3.463999999999999857e-01
7.957857847213745117e+00 -3.459999999999999742e-01
8.014942884445190430e+00 -3.463999999999999857e-01
8.057823896408081055e+00 -3.461000000000000187e-01
8.113846778869628906e+00 -3.463999999999999857e-01
8.156806945800781250e+00 -3.462999999999999967e-01
8.213831901550292969e+00 -3.463999999999999857e-01
8.255805969238281250e+00 -3.462000000000000077e-01
8.313802957534790039e+00 -3.462000000000000077e-01
8.369791984558105469e+00 -3.461000000000000187e-01
8.412780046463012695e+00 -3.461000000000000187e-01
8.469819784164428711e+00 -3.462000000000000077e-01
8.511788845062255859e+00 -3.462999999999999967e-01
8.568797826766967773e+00 -3.461000000000000187e-01
8.611766099929809570e+00 -3.462999999999999967e-01
8.668772935867309570e+00 -3.462999999999999967e-01
8.711752891540527344e+00 -3.462000000000000077e-01
8.768769025802612305e+00 -3.461000000000000187e-01
8.810748815536499023e+00 -3.461000000000000187e-01
8.867740869522094727e+00 -3.462999999999999967e-01
8.910719871520996094e+00 -3.461000000000000187e-01
8.966731071472167969e+00 -3.462999999999999967e-01
9.009732961654663086e+00 -3.462000000000000077e-01
9.066732883453369141e+00 -3.462999999999999967e-01
9.123702764511108398e+00 -3.461000000000000187e-01
9.166705846786499023e+00 -3.463999999999999857e-01
9.222721099853515625e+00 -3.462000000000000077e-01
9.265703916549682617e+00 -3.466000000000000192e-01
9.322678804397583008e+00 -3.461000000000000187e-01
9.365726947784423828e+00 -3.463999999999999857e-01
9.421691894531250000e+00 -3.461000000000000187e-01
9.464895009994506836e+00 -3.462999999999999967e-01
9.521894931793212891e+00 -3.461000000000000187e-01
9.564690828323364258e+00 -3.462000000000000077e-01
9.621686697006225586e+00 -3.462000000000000077e-01
9.663712024688720703e+00 -3.462999999999999967e-01
9.720655918121337891e+00 -3.461000000000000187e-01
9.763645887374877930e+00 -3.462000000000000077e-01
9.820808887481689453e+00 -3.462000000000000077e-01
9.863929748535156250e+00 -3.462000000000000077e-01
9.919922828674316406e+00 -3.462000000000000077e-01
9.962966918945312500e+00 -3.462000000000000077e-01
1.001989197731018066e+01 -3.462999999999999967e-01
1.007697892189025879e+01 -3.462999999999999967e-01
1.011899971961975098e+01 -3.463999999999999857e-01
1.017595195770263672e+01 -3.462000000000000077e-01
1.021887588500976562e+01 -3.463999999999999857e-01
1.027595186233520508e+01 -3.461000000000000187e-01
1.031786394119262695e+01 -3.463999999999999857e-01
1.037497091293334961e+01 -3.461000000000000187e-01
1.041783499717712402e+01 -3.463999999999999857e-01
1.047483277320861816e+01 -3.459999999999999742e-01
1.051788973808288574e+01 -3.463999999999999857e-01
1.057388901710510254e+01 -3.461000000000000187e-01
1.061673402786254883e+01 -3.463999999999999857e-01
1.067380690574645996e+01 -3.461000000000000187e-01
1.071687602996826172e+01 -3.462999999999999967e-01
1.077285981178283691e+01 -3.461000000000000187e-01
1.081572484970092773e+01 -3.462999999999999967e-01
1.087274074554443359e+01 -3.461000000000000187e-01
1.092959284782409668e+01 -3.463999999999999857e-01
1.097255992889404297e+01 -3.462000000000000077e-01
1.102855491638183594e+01 -3.462999999999999967e-01
1.107150387763977051e+01 -3.462999999999999967e-01
1.112858080863952637e+01 -3.461000000000000187e-01
1.117152166366577148e+01 -3.462000000000000077e-01
1.122850894927978516e+01 -3.462000000000000077e-01
1.127053904533386230e+01 -3.463999999999999857e-01
1.132754993438720703e+01 -3.463999999999999857e-01
1.137050199508666992e+01 -3.463999999999999857e-01
1.142748093605041504e+01 -3.462000000000000077e-01
1.146950507164001465e+01 -3.463999999999999857e-01
1.152646183967590332e+01 -3.462000000000000077e-01
1.158345484733581543e+01 -3.464999999999999747e-01
1.162645292282104492e+01 -3.459999999999999742e-01
1.168346810340881348e+01 -3.462999999999999967e-01
1.172544884681701660e+01 -3.459999999999999742e-01
1.178244304656982422e+01 -3.462999999999999967e-01
1.182545089721679688e+01 -3.461000000000000187e-01
1.188257002830505371e+01 -3.464999999999999747e-01
1.192446804046630859e+01 -3.461000000000000187e-01
1.198148679733276367e+01 -3.464999999999999747e-01
1.202446699142456055e+01 -3.462000000000000077e-01
1.208148097991943359e+01 -3.463999999999999857e-01
1.212342786788940430e+01 -3.462000000000000077e-01
1.218059182167053223e+01 -3.464999999999999747e-01
1.222346878051757812e+01 -3.462000000000000077e-01
1.228048586845397949e+01 -3.462000000000000077e-01
1.232344889640808105e+01 -3.462000000000000077e-01
1.237943673133850098e+01 -3.462999999999999967e-01
1.243635988235473633e+01 -3.462000000000000077e-01
1.247944188117980957e+01 -3.462000000000000077e-01
1.253635787963867188e+01 -3.462000000000000077e-01
1.257935190200805664e+01 -3.462000000000000077e-01
1.263536167144775391e+01 -3.462000000000000077e-01
1.267837285995483398e+01 -3.462000000000000077e-01
1.273534488677978516e+01 -3.462999999999999967e-01
1.277733683586120605e+01 -3.462000000000000077e-01
1.283432769775390625e+01 -3.463999999999999857e-01
1.287732982635498047e+01 -3.461000000000000187e-01
1.293430685997009277e+01 -3.464999999999999747e-01
1.297633099555969238e+01 -3.459999999999999742e-01
1.303430676460266113e+01 -3.462999999999999967e-01
1.307630276679992676e+01 -3.462000000000000077e-01
1.313330388069152832e+01 -3.463999999999999857e-01
1.317627072334289551e+01 -3.462000000000000077e-01
1.323228383064270020e+01 -3.462999999999999967e-01
1.329031395912170410e+01 -3.459999999999999742e-01
1.333230090141296387e+01 -3.462999999999999967e-01
1.338925075531005859e+01 -3.462000000000000077e-01
1.343227076530456543e+01 -3.462999999999999967e-01
1.348935985565185547e+01 -3.462000000000000077e-01
1.353126573562622070e+01 -3.462999999999999967e-01
1.358825492858886719e+01 -3.462000000000000077e-01
1.363124299049377441e+01 -3.462999999999999967e-01
1.368725991249084473e+01 -3.461000000000000187e-01
1.373025798797607422e+01 -3.462999999999999967e-01
1.378722381591796875e+01 -3.462999999999999967e-01
1.383022999763488770e+01 -3.463999999999999857e-01
1.388722372055053711e+01 -3.462999999999999967e-01
1.392921590805053711e+01 -3.462000000000000077e-01
1.398624110221862793e+01 -3.462000000000000077e-01
1.402927494049072266e+01 -3.462999999999999967e-01
1.408620810508728027e+01 -3.462000000000000077e-01
1.412921285629272461e+01 -3.462000000000000077e-01
1.418519687652587891e+01 -3.463999999999999857e-01
1.424218797683715820e+01 -3.462000000000000077e-01
1.428518676757812500e+01 -3.464999999999999747e-01
1.434217691421508789e+01 -3.462000000000000077e-01
1.438416385650634766e+01 -3.466000000000000192e-01
1.444115900993347168e+01 -3.461000000000000187e-01
1.448424696922302246e+01 -3.463999999999999857e-01
1.454118394851684570e+01 -3.462000000000000077e-01
1.458316183090209961e+01 -3.463999999999999857e-01
1.464015007019042969e+01 -3.462000000000000077e-01
1.468314695358276367e+01 -3.464999999999999747e-01
1.474014377593994141e+01 -3.462000000000000077e-01
1.478312087059020996e+01 -3.462999999999999967e-01
1.483912491798400879e+01 -3.462000000000000077e-01
1.488211488723754883e+01 -3.463999999999999857e-01
1.493909788131713867e+01 -3.463999999999999857e-01
1.499616289138793945e+01 -3.463999999999999857e-01
1.503808379173278809e+01 -3.462999999999999967e-01
1.509508490562438965e+01 -3.462999999999999967e-01
1.513807797431945801e+01 -3.462999999999999967e-01
1.519509673118591309e+01 -3.462000000000000077e-01
1.523807907104492188e+01 -3.463999999999999857e-01
1.529506993293762207e+01 -3.462999999999999967e-01
1.533706688880920410e+01 -3.463999999999999857e-01
1.539405584335327148e+01 -3.462999999999999967e-01
1.543702578544616699e+01 -3.466000000000000192e-01
1.549409103393554688e+01 -3.463999999999999857e-01
1.553610301017761230e+01 -3.464999999999999747e-01
1.559302783012390137e+01 -3.462000000000000077e-01
1.563602781295776367e+01 -3.463999999999999857e-01
1.569301891326904297e+01 -3.462000000000000077e-01
1.573509478569030762e+01 -3.464999999999999747e-01
1.579202580451965332e+01 -3.461000000000000187e-01
1.583508086204528809e+01 -3.463999999999999857e-01
1.589204096794128418e+01 -3.461000000000000187e-01
1.594903302192687988e+01 -3.463999999999999857e-01
1.599108672142028809e+01 -3.462999999999999967e-01
1.604801583290100098e+01 -3.467000000000000082e-01
1.609097695350646973e+01 -3.462999999999999967e-01
1.614808392524719238e+01 -3.464999999999999747e-01
1.618999671936035156e+01 -3.462999999999999967e-01
1.624697709083557129e+01 -3.463999999999999857e-01
1.628997302055358887e+01 -3.462999999999999967e-01
1.634698700904846191e+01 -3.463999999999999857e-01
1.638894009590148926e+01 -3.462999999999999967e-01
1.644596099853515625e+01 -3.463999999999999857e-01
1.648899483680725098e+01 -3.462999999999999967e-01
1.654597306251525879e+01 -3.463999999999999857e-01
1.658892297744750977e+01 -3.462999999999999967e-01
1.664498209953308105e+01 -3.462999999999999967e-01
1.668792605400085449e+01 -3.462999999999999967e-01
1.674493789672851562e+01 -3.462000000000000077e-01
1.680191183090209961e+01 -3.462000000000000077e-01
1.684491491317749023e+01 -3.461000000000000187e-01
1.690088295936584473e+01 -3.463999999999999857e-01
1.694391679763793945e+01 -3.461000000000000187e-01
1.700091290473937988e+01 -3.463999999999999857e-01
1.704387879371643066e+01 -3.462000000000000077e-01
1.709987998008728027e+01 -3.466000000000000192e-01
1.714287185668945312e+01 -3.462000000000000077e-01
1.719988489151000977e+01 -3.462999999999999967e-01
1.724284911155700684e+01 -3.462999999999999967e-01
1.729985213279724121e+01 -3.464999999999999747e-01
1.734188699722290039e+01 -3.459999999999999742e-01
1.739886498451232910e+01 -3.463999999999999857e-01
1.744183874130249023e+01 -3.461000000000000187e-01
1.749888277053833008e+01 -3.463999999999999857e-01
1.754083371162414551e+01 -3.459999999999999742e-01
1.759782409667968750e+01 -3.462999999999999967e-01
1.765481495857238770e+01 -3.462000000000000077e-01
1.769781088829040527e+01 -3.462999999999999967e-01
1.775480294227600098e+01 -3.461000000000000187e-01
1.779680109024047852e+01 -3.462000000000000077e-01
1.785383510589599609e+01 -3.461000000000000187e-01
1.789679789543151855e+01 -3.462000000000000077e-01
1.795282983779907227e+01 -3.462000000000000077e-01
1.799585008621215820e+01 -3.462000000000000077e-01
1.805279183387756348e+01 -3.462999999999999967e-01
1.809578800201416016e+01 -3.462999999999999967e-01
1.815275692939758301e+01 -3.462999999999999967e-01
1.819579982757568359e+01 -3.461000000000000187e-01
1.825174880027770996e+01 -3.462999999999999967e-01
1.829475784301757812e+01 -3.461000000000000187e-01
1.835173392295837402e+01 -3.463999999999999857e-01
1.839373683929443359e+01 -3.461000000000000187e-01
1.845073699951171875e+01 -3.463999999999999857e-01
1.850774884223937988e+01 -3.462999999999999967e-01
1.855076289176940918e+01 -3.464999999999999747e-01
1.860773468017578125e+01 -3.459999999999999742e-01
1.864972496032714844e+01 -3.462999999999999967e-01
1.870671272277832031e+01 -3.459999999999999742e-01
1.874971699714660645e+01 -3.463999999999999857e-01
1.880670285224914551e+01 -3.461000000000000187e-01
1.884868979454040527e+01 -3.464999999999999747e-01
1.890568304061889648e+01 -3.462999999999999967e-01
1.894867300987243652e+01 -3.464999999999999747e-01
1.900578880310058594e+01 -3.459999999999999742e-01
1.904868984222412109e+01 -3.462999999999999967e-01
1.910468411445617676e+01 -3.461000000000000187e-01
1.914767169952392578e+01 -3.462999999999999967e-01
1.920469784736633301e+01 -3.462999999999999967e-01
1.924764966964721680e+01 -3.462999999999999967e-01
1.930467104911804199e+01 -3.464999999999999747e-01
1.936064791679382324e+01 -3.462999999999999967e-01
1.940363383293151855e+01 -3.463999999999999857e-01
1.946071982383728027e+01 -3.462999999999999967e-01
1.950362491607666016e+01 -3.463999999999999857e-01
1.955962491035461426e+01 -3.462000000000000077e-01
1.960261678695678711e+01 -3.464999999999999747e-01
1.965962791442871094e+01 -3.462000000000000077e-01
1.970262670516967773e+01 -3.464999999999999747e-01
1.975963187217712402e+01 -3.462999999999999967e-01
1.980161380767822266e+01 -3.463999999999999857e-01
1.985870695114135742e+01 -3.461000000000000187e-01
1.990174579620361328e+01 -3.466000000000000192e-01
1.995883703231811523e+01 -3.462000000000000077e-01
2.000091290473937988e+01 -3.466000000000000192e-01
2.005786180496215820e+01 -3.462000000000000077e-01
2.010090970993041992e+01 -3.466000000000000192e-01
2.015785288810729980e+01 -3.462000000000000077e-01
2.019984388351440430e+01 -3.462999999999999967e-01
2.025696110725402832e+01 -3.462999999999999967e-01
2.031395292282104492e+01 -3.463999999999999857e-01
2.035683798789978027e+01 -3.462000000000000077e-01
2.041395306587219238e+01 -3.462999999999999967e-01
2.045573568344116211e+01 -3.462000000000000077e-01
2.051279783248901367e+01 -3.462999999999999967e-01
2.055588102340698242e+01 -3.462999999999999967e-01
2.061280679702758789e+01 -3.462999999999999967e-01
2.065478897094726562e+01 -3.463999999999999857e-01
2.071176981925964355e+01 -3.462999999999999967e-01
2.075482702255249023e+01 -3.463999999999999857e-01
2.081169104576110840e+01 -3.461000000000000187e-01
2.085454797744750977e+01 -3.463999999999999857e-01
2.091049194335937500e+01 -3.462000000000000077e-01
2.096752691268920898e+01 -3.464999999999999747e-01
2.101053690910339355e+01 -3.461000000000000187e-01
2.106749176979064941e+01 -3.464999999999999747e-01
2.111045098304748535e+01 -3.462000000000000077e-01
2.116654896736145020e+01 -3.463999999999999857e-01
2.120960688591003418e+01 -3.462000000000000077e-01
2.126649594306945801e+01 -3.463999999999999857e-01
2.130946087837219238e+01 -3.462000000000000077e-01
2.136545681953430176e+01 -3.462999999999999967e-01
2.140844297409057617e+01 -3.462000000000000077e-01
2.146547579765319824e+01 -3.462999999999999967e-01
2.150746393203735352e+01 -3.463999999999999857e-01
2.156548309326171875e+01 -3.464999999999999747e-01
2.160741996765136719e+01 -3.462000000000000077e-01
2.166452097892761230e+01 -3.463999999999999857e-01
2.170742511749267578e+01 -3.462000000000000077e-01
2.176440286636352539e+01 -3.463999999999999857e-01
2.180638909339904785e+01 -3.463999999999999857e-01
2.186344695091247559e+01 -3.462999999999999967e-01
2.190646100044250488e+01 -3.461000000000000187e-01
2.196338987350463867e+01 -3.462000000000000077e-01
2.202038574218750000e+01 -3.462999999999999967e-01
2.206236982345581055e+01 -3.462000000000000077e-01
2.211936998367309570e+01 -3.462999999999999967e-01
2.216239285469055176e+01 -3.462000000000000077e-01
2.221935486793518066e+01 -3.462999999999999967e-01
2.226134586334228516e+01 -3.462000000000000077e-01
2.231836605072021484e+01 -3.462000000000000077e-01
2.236134099960327148e+01 -3.462000000000000077e-01
2.241832780838012695e+01 -3.462999999999999967e-01
2.246036100387573242e+01 -3.461000000000000187e-01
2.251731991767883301e+01 -3.463999999999999857e-01
2.256030988693237305e+01 -3.462000000000000077e-01
2.261731576919555664e+01 -3.464999999999999747e-01
2.265930080413818359e+01 -3.461000000000000187e-01
2.271630382537841797e+01 -3.464999999999999747e-01
2.275929594039916992e+01 -3.462000000000000077e-01
2.281628966331481934e+01 -3.463999999999999857e-01
2.285828995704650879e+01 -3.459999999999999742e-01
2.291629600524902344e+01 -3.462999999999999967e-01
2.295830774307250977e+01 -3.459999999999999742e-01
2.301531600952148438e+01 -3.463999999999999857e-01
2.305830287933349609e+01 -3.459999999999999742e-01
2.311429476737976074e+01 -3.462999999999999967e-01
2.317128872871398926e+01 -3.461000000000000187e-01
2.321430873870849609e+01 -3.462000000000000077e-01
2.327129077911376953e+01 -3.461000000000000187e-01
2.331427884101867676e+01 -3.462999999999999967e-01
2.337032294273376465e+01 -3.462000000000000077e-01
2.341329789161682129e+01 -3.462999999999999967e-01
2.347030401229858398e+01 -3.462000000000000077e-01
2.351330780982971191e+01 -3.462999999999999967e-01
2.357022595405578613e+01 -3.462000000000000077e-01
2.361221289634704590e+01 -3.462000000000000077e-01
2.366919398307800293e+01 -3.462999999999999967e-01
2.371217370033264160e+01 -3.462000000000000077e-01
2.376917409896850586e+01 -3.462000000000000077e-01
2.381131196022033691e+01 -3.462000000000000077e-01
2.386821794509887695e+01 -3.462999999999999967e-01
2.392517399787902832e+01 -3.462000000000000077e-01
2.396820878982543945e+01 -3.463999999999999857e-01
2.402518391609191895e+01 -3.458999999999999853e-01
2.406714081764221191e+01 -3.463999999999999857e-01
2.412417578697204590e+01 -3.459999999999999742e-01
2.416714191436767578e+01 -3.462000000000000077e-01
2.422416281700134277e+01 -3.461000000000000187e-01
2.426613569259643555e+01 -3.462000000000000077e-01
2.432318687438964844e+01 -3.461000000000000187e-01
2.436614584922790527e+01 -3.462999999999999967e-01
2.442312979698181152e+01 -3.461000000000000187e-01
2.446514487266540527e+01 -3.462000000000000077e-01
2.452213287353515625e+01 -3.459999999999999742e-01
2.456511998176574707e+01 -3.462999999999999967e-01
2.462211298942565918e+01 -3.462000000000000077e-01
2.466509079933166504e+01 -3.463999999999999857e-01
2.472109174728393555e+01 -3.459999999999999742e-01
2.476408600807189941e+01 -3.462000000000000077e-01
2.482107496261596680e+01 -3.459999999999999742e-01
2.486406874656677246e+01 -3.462000000000000077e-01
2.492008781433105469e+01 -3.462000000000000077e-01
2.496308898925781250e+01 -3.462999999999999967e-01
2.502004790306091309e+01 -3.462999999999999967e-01
2.507704496383666992e+01 -3.462000000000000077e-01
2.512007403373718262e+01 -3.463999999999999857e-01
2.517608880996704102e+01 -3.462000000000000077e-01
2.521903395652770996e+01 -3.463999999999999857e-01
2.527604675292968750e+01 -3.462000000000000077e-01
2.531904578208923340e+01 -3.462999999999999967e-01
2.537601089477539062e+01 -3.461000000000000187e-01
2.541799592971801758e+01 -3.464999999999999747e-01
2.547504997253417969e+01 -3.461000000000000187e-01
2.551802396774291992e+01 -3.463999999999999857e-01
2.557499194145202637e+01 -3.459999999999999742e-01
2.561697101593017578e+01 -3.464999999999999747e-01
2.567398500442504883e+01 -3.461000000000000187e-01
2.573102903366088867e+01 -3.462999999999999967e-01
2.577396988868713379e+01 -3.462000000000000077e-01
2.583101701736450195e+01 -3.462999999999999967e-01
2.587300086021423340e+01 -3.461000000000000187e-01
2.592996406555175781e+01 -3.462000000000000077e-01
2.597301888465881348e+01 -3.462000000000000077e-01
2.603009891510009766e+01 -3.463999999999999857e-01
2.607194805145263672e+01 -3.462999999999999967e-01
2.612904977798461914e+01 -3.462999999999999967e-01
2.617198181152343750e+01 -3.461000000000000187e-01
2.622893595695495605e+01 -3.462999999999999967e-01
2.627093195915222168e+01 -3.462000000000000077e-01
2.632793188095092773e+01 -3.462000000000000077e-01
2.637090301513671875e+01 -3.462000000000000077e-01
2.642790293693542480e+01 -3.462999999999999967e-01
2.647093510627746582e+01 -3.462999999999999967e-01
2.652690196037292480e+01 -3.461000000000000187e-01
2.658389496803283691e+01 -3.464999999999999747e-01
2.662687182426452637e+01 -3.462000000000000077e-01
2.668389892578125000e+01 -3.467000000000000082e-01
2.672686886787414551e+01 -3.461000000000000187e-01
2.678289985656738281e+01 -3.462999999999999967e-01
2.682585191726684570e+01 -3.463999999999999857e-01
2.688285183906555176e+01 -3.464999999999999747e-01
2.692485690116882324e+01 -3.462999999999999967e-01
2.698189496994018555e+01 -3.466000000000000192e-01
2.702482676506042480e+01 -3.462999999999999967e-01
2.708185601234436035e+01 -3.467000000000000082e-01
2.712384104728698730e+01 -3.461000000000000187e-01
2.718082189559936523e+01 -3.463999999999999857e-01
2.722382283210754395e+01 -3.461000000000000187e-01
2.728085184097290039e+01 -3.463999999999999857e-01
2.732382011413574219e+01 -3.462000000000000077e-01
2.737985372543334961e+01 -3.463999999999999857e-01
2.743679189682006836e+01 -3.462000000000000077e-01
2.747983002662658691e+01 -3.463999999999999857e-01
2.753683209419250488e+01 -3.462000000000000077e-01
2.757978868484497070e+01 -3.462000000000000077e-01
2.763677501678466797e+01 -3.462000000000000077e-01
2.767880702018737793e+01 -3.461000000000000187e-01
2.773580193519592285e+01 -3.462999999999999967e-01
2.777880501747131348e+01 -3.462000000000000077e-01
2.783577084541320801e+01 -3.462999999999999967e-01
2.787774491310119629e+01 -3.462999999999999967e-01
2.793474483489990234e+01 -3.462999999999999967e-01
2.797779679298400879e+01 -3.461000000000000187e-01
2.803476572036743164e+01 -3.462999999999999967e-01
2.807673287391662598e+01 -3.462000000000000077e-01
2.813373994827270508e+01 -3.463999999999999857e-01
2.817674183845520020e+01 -3.461000000000000187e-01
2.823371076583862305e+01 -3.463999999999999857e-01
2.829071092605590820e+01 -3.463999999999999857e-01
2.833271193504333496e+01 -3.464999999999999747e-01
2.838970804214477539e+01 -3.461000000000000187e-01
2.843269085884094238e+01 -3.464999999999999747e-01
2.848971867561340332e+01 -3.461000000000000187e-01
2.853169107437133789e+01 -3.462999999999999967e-01
2.858869409561157227e+01 -3.462000000000000077e-01
2.863169097900390625e+01 -3.462999999999999967e-01
2.868867993354797363e+01 -3.462000000000000077e-01
2.873067378997802734e+01 -3.462999999999999967e-01
2.878766798973083496e+01 -3.462999999999999967e-01
2.883065295219421387e+01 -3.463999999999999857e-01
2.888765192031860352e+01 -3.461000000000000187e-01
2.893063783645629883e+01 -3.462999999999999967e-01
2.898668980598449707e+01 -3.461000000000000187e-01
2.902964305877685547e+01 -3.462999999999999967e-01
2.908662295341491699e+01 -3.462999999999999967e-01
2.912963104248046875e+01 -3.462000000000000077e-01
2.918563294410705566e+01 -3.462000000000000077e-01
2.924261188507080078e+01 -3.462000000000000077e-01
2.928560495376586914e+01 -3.462999999999999967e-01
2.934267687797546387e+01 -3.462999999999999967e-01
2.938560009002685547e+01 -3.464999999999999747e-01
2.944157600402832031e+01 -3.462000000000000077e-01
2.948460912704467773e+01 -3.463999999999999857e-01
2.954158806800842285e+01 -3.462000000000000077e-01
2.958457875251770020e+01 -3.463999999999999857e-01
2.964155697822570801e+01 -3.461000000000000187e-01
2.968360090255737305e+01 -3.463999999999999857e-01
2.974056196212768555e+01 -3.461000000000000187e-01
2.978358292579650879e+01 -3.463999999999999857e-01
2.984093284606933594e+01 -3.462000000000000077e-01
2.988278889656066895e+01 -3.464999999999999747e-01
2.993992590904235840e+01 -3.461000000000000187e-01
2.998285174369812012e+01 -3.463999999999999857e-01
