./Data/BW2025-02-07_16:16:06sky.txt
Duration (in s): 30
Calibrating: False
Temperature of the calibrator (in Celsius): nan
Azimuth angle from North: nan
Altitude angle from the horizon: 110.0
Temperature Outside (in Celsius): 2
Weather: nan
Units: Volts

Time (s), Voltage (V)
5.888938903808594e-05,-0.3723
0.034848928451538086,-0.372
0.07684493064880371,-0.3722
0.11988186836242676,-0.372
0.17691493034362793,-0.3721
0.23406100273132324,-0.372
0.27605390548706055,-0.3723
0.3330380916595459,-0.372
0.3759589195251465,-0.3723
0.4327840805053711,-0.372
0.47571516036987305,-0.3723
0.531890869140625,-0.3719
0.5748209953308105,-0.3722
0.6318509578704834,-0.372
0.67374587059021,-0.3724
0.7317230701446533,-0.372
0.773698091506958,-0.3722
0.8307168483734131,-0.3719
0.8876841068267822,-0.3722
0.9298810958862305,-0.3721
0.986638069152832,-0.3721
1.0296690464019775,-0.3721
1.0866191387176514,-0.3719
1.129729986190796,-0.372
1.1857531070709229,-0.3721
1.2287449836730957,-0.3721
1.2856597900390625,-0.372
1.3287160396575928,-0.3721
1.3846640586853027,-0.3721
1.4276061058044434,-0.3723
1.484673023223877,-0.3721
1.5276780128479004,-0.3723
1.584662914276123,-0.3721
1.6266109943389893,-0.3722
1.6836390495300293,-0.3721
1.7406420707702637,-0.3723
1.7836449146270752,-0.3719
1.839522123336792,-0.3723
1.8825640678405762,-0.3718
1.9396429061889648,-0.3722
1.9826149940490723,-0.372
2.0397350788116455,-0.3723
2.081620931625366,-0.372
2.1385929584503174,-0.3722
2.181623935699463,-0.372
2.238572120666504,-0.3721
2.280557155609131,-0.372
2.3375370502471924,-0.3723
2.3805880546569824,-0.372
2.437559127807617,-0.3724
2.479557991027832,-0.372
2.5366899967193604,-0.3722
2.5795960426330566,-0.3722
2.636565923690796,-0.3719
2.6795709133148193,-0.3721
2.735584020614624,-0.3721
2.793548107147217,-0.372
2.835512161254883,-0.3721
2.89253306388855,-0.3723
2.935497999191284,-0.372
2.991549015045166,-0.3722
3.034532070159912,-0.3719
3.0915119647979736,-0.3723
3.1344377994537354,-0.3721
3.190453052520752,-0.3723
3.2334249019622803,-0.3721
3.2904269695281982,-0.3723
3.3333890438079834,-0.372
3.3904340267181396,-0.3724
3.4324169158935547,-0.372
3.4893949031829834,-0.3724
3.532409191131592,-0.372
3.5893959999084473,-0.3723
3.631395101547241,-0.372
3.688370943069458,-0.3723
3.745375871658325,-0.3722
3.788393020629883,-0.3723
3.8453428745269775,-0.3721
3.8873589038848877,-0.3721
3.9444758892059326,-0.3722
3.9875130653381348,-0.3722
4.0444090366363525,-0.372
4.086341857910156,-0.3721
4.143337965011597,-0.3721
4.186308145523071,-0.3721
4.243288993835449,-0.372
4.28527307510376,-0.3721
4.342270851135254,-0.3721
4.385277986526489,-0.3721
4.44226598739624,-0.3724
4.499274969100952,-0.372
4.541266918182373,-0.3723
4.598414182662964,-0.3719
4.641247987747192,-0.3722
4.698293924331665,-0.372
4.740187883377075,-0.3723
4.797274112701416,-0.372
4.840145826339722,-0.3723
4.897284030914307,-0.372
4.939230918884277,-0.3723
4.996232032775879,-0.3721
5.039215087890625,-0.3724
5.096222877502441,-0.3721
5.139182090759277,-0.3722
5.195194959640503,-0.372
5.2381579875946045,-0.3723
5.295150995254517,-0.3721
5.338139057159424,-0.3723
5.395172119140625,-0.3722
5.451174974441528,-0.3722
5.494143009185791,-0.3724
5.551162958145142,-0.3722
5.594153881072998,-0.3723
5.6501219272613525,-0.3721
5.693092107772827,-0.372
5.750110864639282,-0.3722
5.793124198913574,-0.3722
5.8501060009002686,-0.3722
5.892107009887695,-0.3724
5.949057102203369,-0.3721
5.992026090621948,-0.3723
6.049062967300415,-0.3721
6.090992212295532,-0.3723
6.148037910461426,-0.372
6.1910741329193115,-0.3723
6.248044967651367,-0.3721
6.289952039718628,-0.3723
6.347052097320557,-0.3722
6.389986038208008,-0.3724
6.447037935256958,-0.3722
6.503961086273193,-0.3724
6.545994997024536,-0.3723
6.602950811386108,-0.3722
6.6459879875183105,-0.3721
6.702888011932373,-0.3722
6.744951963424683,-0.3722
6.801919937133789,-0.3723
6.844879150390625,-0.3721
6.901885986328125,-0.3721
6.9448487758636475,-0.3722
7.000914812088013,-0.3721
7.043935060501099,-0.3723
7.100874900817871,-0.372
7.143835783004761,-0.3724
7.200938940048218,-0.3721
7.242863178253174,-0.3723
7.299867153167725,-0.3721
7.342813968658447,-0.3724
7.39988899230957,-0.372
7.456863880157471,-0.3722
7.498867034912109,-0.372
7.55600905418396,-0.3725
7.598843812942505,-0.3721
7.655842065811157,-0.3722
7.6978371143341064,-0.3722
7.754796981811523,-0.3723
7.797735929489136,-0.372
7.8547608852386475,-0.3723
7.896842956542969,-0.372
7.95372200012207,-0.3723
7.996767044067383,-0.372
8.053809881210327,-0.3723
8.095757961273193,-0.3723
8.15276288986206,-0.3721
8.209723949432373,-0.3721
8.25275707244873,-0.3722
8.309757947921753,-0.3722
8.351728916168213,-0.3722
8.40872597694397,-0.3722
8.451727151870728,-0.3721
8.508721828460693,-0.3721
8.551685094833374,-0.372
8.607685089111328,-0.3723
8.650701999664307,-0.3721
8.707662105560303,-0.3723
8.749657154083252,-0.3721
8.806629180908203,-0.3722
8.849719047546387,-0.372
8.906671047210693,-0.3724
8.948621988296509,-0.372
9.005597829818726,-0.3722
9.062728881835938,-0.3721
9.105637073516846,-0.3724
9.16261100769043,-0.3721
9.204561948776245,-0.3722
9.262590885162354,-0.3719
9.30454707145691,-0.3722
9.36156702041626,-0.3719
9.40464997291565,-0.3722
9.460925817489624,-0.372
9.503888845443726,-0.3721
9.560833930969238,-0.3721
9.603880882263184,-0.3722
9.660914897918701,-0.3722
9.702893018722534,-0.3721
9.759858846664429,-0.3722
9.81692099571228,-0.372
9.859824180603027,-0.3723
9.915828943252563,-0.3723
9.958767175674438,-0.3723
10.015838861465454,-0.3721
10.058794021606445,-0.3724
10.115819931030273,-0.3721
10.157701015472412,-0.3723
10.214797973632812,-0.3721
10.257666110992432,-0.3723
10.314812898635864,-0.372
10.356691837310791,-0.3724
10.413547992706299,-0.3721
10.456488847732544,-0.3723
10.513447999954224,-0.372
10.570399045944214,-0.3722
10.612540006637573,-0.3719
10.669469833374023,-0.3722
10.712471961975098,-0.3719
10.769454002380371,-0.3722
10.811508893966675,-0.3721
10.868406057357788,-0.3723
10.911437034606934,-0.3722
10.968475103378296,-0.3723
11.011445999145508,-0.3722
11.068444967269897,-0.372
11.110389947891235,-0.3723
11.167420864105225,-0.3722
11.21045708656311,-0.3722
11.266416072845459,-0.372
11.309360980987549,-0.3722
11.36638593673706,-0.3721
11.42337417602539,-0.3722
11.466366052627563,-0.3721
11.522387027740479,-0.3724
11.565356016159058,-0.3721
11.622325897216797,-0.3725
11.665331840515137,-0.372
11.722309112548828,-0.3723
11.764294862747192,-0.3721
11.821290016174316,-0.3723
11.864252805709839,-0.3721
11.921303033828735,-0.3723
11.963268995285034,-0.3719
12.020313024520874,-0.3724
12.063290119171143,-0.3721
12.120290994644165,-0.3724
12.162250995635986,-0.3722
12.219275951385498,-0.3723
12.262234210968018,-0.3722
12.319279193878174,-0.3723
12.376283168792725,-0.3722
12.418264150619507,-0.3721
12.475198030471802,-0.3722
12.518313884735107,-0.3721
12.575226068496704,-0.3722
12.617235898971558,-0.372
12.67418122291565,-0.3722
12.717216968536377,-0.3721
12.774195909500122,-0.3724
12.817221879959106,-0.3722
12.873183012008667,-0.3723
12.916186094284058,-0.3721
12.973160982131958,-0.3723
13.015185832977295,-0.3721
13.072132110595703,-0.3724
13.129148960113525,-0.372
13.172126054763794,-0.3723
13.229100942611694,-0.372
13.272111177444458,-0.3723
13.328123807907104,-0.3721
13.371129035949707,-0.3723
13.428107976913452,-0.372
13.470096826553345,-0.3723
13.528122186660767,-0.3721
13.570101976394653,-0.3721
13.6271071434021,-0.372
13.6700758934021,-0.3721
13.726086854934692,-0.3722
13.769131898880005,-0.3722
13.826126098632812,-0.3723
13.869256019592285,-0.3722
13.92514705657959,-0.3723
13.983160018920898,-0.3722
14.025141954421997,-0.3725
14.082126140594482,-0.3724
14.125136852264404,-0.3722
14.181145191192627,-0.3719
14.224118947982788,-0.3724
14.281047105789185,-0.372
14.324012041091919,-0.3724
14.381029844284058,-0.3721
14.423020124435425,-0.3724
14.480015993118286,-0.372
14.523027896881104,-0.3724
14.58003306388855,-0.372
14.622987985610962,-0.3724
14.678991079330444,-0.3721
14.73599100112915,-0.3722
14.779017925262451,-0.3721
14.835990905761719,-0.3722
14.878981828689575,-0.372
14.934949159622192,-0.3723
14.977973937988281,-0.3722
15.035006999969482,-0.3723
15.076939105987549,-0.3723
15.1339430809021,-0.3721
15.176954746246338,-0.3722
15.23397183418274,-0.372
15.275921821594238,-0.3721
15.332891941070557,-0.3722
15.375901937484741,-0.3724
15.432843923568726,-0.3722
15.475841045379639,-0.3722
15.531831979751587,-0.372
15.588896036148071,-0.3725
15.63190507888794,-0.3721
15.688843965530396,-0.3725
15.731796026229858,-0.372
15.787832975387573,-0.3724
15.830802917480469,-0.372
15.887789964675903,-0.3723
15.93080186843872,-0.3719
15.98778486251831,-0.3726
16.029839038848877,-0.3721
16.086786031723022,-0.3724
16.129749059677124,-0.3721
16.1867618560791,-0.3724
16.22875213623047,-0.3721
16.28576898574829,-0.3722
16.328765869140625,-0.3721
16.38576316833496,-0.3721
16.442711114883423,-0.372
16.484712839126587,-0.3722
16.54178500175476,-0.3722
16.584924936294556,-0.372
16.641722202301025,-0.3723
16.6836941242218,-0.3721
16.74066996574402,-0.3721
16.783703088760376,-0.3722
16.84071397781372,-0.3724
16.882663011550903,-0.3722
16.939682960510254,-0.3722
16.98271679878235,-0.3722
17.039746046066284,-0.3724
17.08265709877014,-0.372
17.138643980026245,-0.3722
17.18167805671692,-0.3721
17.238638162612915,-0.3723
17.29566216468811,-0.3722
17.337623119354248,-0.3724
17.394685983657837,-0.3721
17.437605142593384,-0.3723
17.49458885192871,-0.3721
17.537617921829224,-0.3723
17.59362006187439,-0.3722
17.63659691810608,-0.3721
17.693570137023926,-0.372
17.73555088043213,-0.3723
17.7935631275177,-0.3722
17.83559799194336,-0.3724
17.892564058303833,-0.3721
17.935533046722412,-0.3722
17.992625951766968,-0.3721
18.034593105316162,-0.3721
18.091580867767334,-0.3722
18.134562969207764,-0.3722
18.190572023391724,-0.3722
18.23354697227478,-0.3721
18.29049587249756,-0.3723
18.347548961639404,-0.3723
18.390476942062378,-0.3724
18.446551084518433,-0.372
18.489492893218994,-0.3725
18.546571969985962,-0.3722
18.589531183242798,-0.3725
18.646510124206543,-0.3722
18.68849515914917,-0.3725
18.745458841323853,-0.3721
18.78842806816101,-0.3723
18.8454909324646,-0.3722
18.887461185455322,-0.3724
18.944386959075928,-0.3722
18.9874050617218,-0.3724
19.044423818588257,-0.3722
19.086407899856567,-0.3723
19.14335298538208,-0.3719
19.186344861984253,-0.3722
19.24338674545288,-0.3722
19.300379991531372,-0.3723
19.34237003326416,-0.3722
19.399471044540405,-0.3721
19.442697048187256,-0.3721
19.499614000320435,-0.3722
19.54165506362915,-0.3723
19.598651885986328,-0.3722
19.641452074050903,-0.3725
19.698585033416748,-0.3723
19.74155902862549,-0.3724
19.797629833221436,-0.3721
19.840559005737305,-0.3724
19.897605895996094,-0.3721
19.941385984420776,-0.3723
19.997529983520508,-0.3722
20.039458990097046,-0.3724
20.09639811515808,-0.3721
20.13952398300171,-0.3723
20.196561813354492,-0.3721
20.252585887908936,-0.3724
20.295544147491455,-0.3721
20.35254192352295,-0.3723
20.3955020904541,-0.3723
20.45230197906494,-0.3725
20.494240045547485,-0.3721
20.551208019256592,-0.3723
20.594281911849976,-0.3723
20.651269912719727,-0.3723
20.69319796562195,-0.3722
20.750244140625,-0.3722
20.793213844299316,-0.3723
20.850176095962524,-0.3721
20.907164812088013,-0.3722
20.94918990135193,-0.372
21.006149768829346,-0.3723
21.049203872680664,-0.3722
21.10620903968811,-0.3724
21.148133039474487,-0.372
21.205114126205444,-0.3724
21.248127937316895,-0.372
21.305113077163696,-0.3724
21.348098039627075,-0.3721
21.40409016609192,-0.3723
21.447160005569458,-0.3721
21.504224061965942,-0.3726
21.547150135040283,-0.3721
21.603116035461426,-0.3722
21.660165071487427,-0.3721
21.70306706428528,-0.3724
21.76007080078125,-0.3721
21.80305314064026,-0.3724
21.859095096588135,-0.3723
21.902060985565186,-0.3723
21.959314823150635,-0.3722
22.00213599205017,-0.3722
22.059200048446655,-0.3721
22.10114598274231,-0.3722
22.158112049102783,-0.3721
22.201101064682007,-0.3721
22.258103132247925,-0.3723
22.314106941223145,-0.3722
22.357089042663574,-0.3725
22.41405487060547,-0.3722
22.456067085266113,-0.3724
22.51402997970581,-0.3721
22.556069135665894,-0.3725
22.613021850585938,-0.3721
22.65602397918701,-0.3724
22.713043928146362,-0.3722
22.755064010620117,-0.3724
22.81199884414673,-0.3722
22.85505986213684,-0.3724
22.91201901435852,-0.3722
22.95401692390442,-0.3726
23.011054039001465,-0.3722
23.054028034210205,-0.3726
23.111024856567383,-0.3722
23.154057025909424,-0.3724
23.209978818893433,-0.3723
23.266950845718384,-0.3721
23.309968948364258,-0.3723
23.36693811416626,-0.3723
23.40892481803894,-0.3722
23.465969800949097,-0.3723
23.508953094482422,-0.3724
23.5661199092865,-0.3723
23.607955932617188,-0.3723
23.664947986602783,-0.3721
23.707866191864014,-0.3724
23.76494312286377,-0.3723
23.807946920394897,-0.3724
23.863960027694702,-0.3722
23.906978130340576,-0.3724
23.963924884796143,-0.372
24.00691294670105,-0.3723
24.062919855117798,-0.3722
24.11994504928589,-0.3726
24.162896871566772,-0.3721
24.219892024993896,-0.3725
24.262871026992798,-0.3722
24.318923950195312,-0.3724
24.361890077590942,-0.3721
24.41887402534485,-0.3723
24.46183180809021,-0.3721
24.517879009246826,-0.3724
24.56084895133972,-0.372
24.617857933044434,-0.3723
24.66083312034607,-0.3721
24.71785593032837,-0.3724
24.759837865829468,-0.3721
24.816859006881714,-0.3722
24.859838008880615,-0.3722
24.916858196258545,-0.3721
24.973779916763306,-0.3723
25.01580500602722,-0.3721
25.072859048843384,-0.3724
25.115906953811646,-0.372
25.17288589477539,-0.3723
25.214849948883057,-0.3719
25.271816968917847,-0.3724
25.314865827560425,-0.3723
25.3717679977417,-0.3724
25.413789987564087,-0.3722
25.47084379196167,-0.3723
25.51368021965027,-0.3721
25.57066011428833,-0.3724
25.61381506919861,-0.372
25.669766902923584,-0.3726
25.71273112297058,-0.3721
25.7697331905365,-0.3724
25.81270408630371,-0.3721
25.868709802627563,-0.3722
25.925750970840454,-0.3722
25.968857049942017,-0.3725
26.025856018066406,-0.3723
26.068814039230347,-0.3723
26.124706983566284,-0.3722
26.16773295402527,-0.3723
26.22466778755188,-0.3722
26.267720937728882,-0.3724
26.32466983795166,-0.3725
26.366703033447266,-0.3722
26.42372989654541,-0.3725
26.46666383743286,-0.3724
26.52363896369934,-0.3724
26.565650939941406,-0.3723
26.62268304824829,-0.3726
26.6796658039093,-0.3724
26.721552848815918,-0.3727
26.77975296974182,-0.3723
26.821605920791626,-0.3724
26.87861204147339,-0.3724
26.921611070632935,-0.3726
26.978584051132202,-0.3723
27.02055811882019,-0.3728
27.07773208618164,-0.3722
27.120654106140137,-0.3725
27.17757487297058,-0.3721
27.219552993774414,-0.3724
27.276567935943604,-0.3722
27.319554090499878,-0.3726
27.37654399871826,-0.3723
27.418553113937378,-0.3724
27.475661993026733,-0.3721
27.51852583885193,-0.3725
27.575493812561035,-0.3722
27.618485927581787,-0.3723
27.67450499534607,-0.3723
27.731820106506348,-0.3724
27.774649143218994,-0.3724
27.831816911697388,-0.3724
27.8746600151062,-0.3724
27.930611848831177,-0.3723
27.97353196144104,-0.3726
28.03048300743103,-0.3723
28.072487831115723,-0.3725
28.129492044448853,-0.3724
28.172481060028076,-0.3725
28.229468822479248,-0.3722
28.272459983825684,-0.3725
28.32840895652771,-0.3721
28.37137794494629,-0.3726
28.42845320701599,-0.3722
28.471462965011597,-0.3727
28.528466939926147,-0.3721
28.570338010787964,-0.3726
28.62736415863037,-0.3723
28.684337854385376,-0.3727
28.72727608680725,-0.3724
28.78331208229065,-0.3725
28.826300859451294,-0.3723
28.883431911468506,-0.3725
28.926342964172363,-0.3724
28.98339295387268,-0.3725
29.025304079055786,-0.3724
29.082300901412964,-0.3724
29.12537908554077,-0.3725
29.182268857955933,-0.3724
29.22427487373352,-0.3723
29.281378984451294,-0.3724
29.32445478439331,-0.3723
29.38142204284668,-0.3723
29.423444032669067,-0.3724
29.480496168136597,-0.3725
29.52353310585022,-0.3726
29.581166982650757,-0.3724
29.623398780822754,-0.3726
29.67951011657715,-0.372
29.73646092414856,-0.3724
29.779438018798828,-0.3722
29.836528062820435,-0.3724
29.879446029663086,-0.3722
29.93561291694641,-0.3725
29.978490114212036,-0.3722
