# ./Data/BW2025-02-07_16:11:02sky
# Duration (in s): 30
# Pointing Position of the Horn: Sky
# Angle pointing (from horizontal perpendicular to supporting axis): 48.70
# Angle pointing (from horizontal parallel to supporting axis): 160
# Calibrator used: NO
# Temperature Outside (in celcius): 25.4
# Temperature of the calibrator (in celcius): Low
# Weather: very clear
# Units: Volts
5.984306335449218750e-05 -3.380000000000000226e-01
5.130171775817871094e-02 -3.382000000000000006e-01
1.082448959350585938e-01 -3.377999999999999892e-01
1.513378620147705078e-01 -3.382000000000000006e-01
2.075068950653076172e-01 -3.378999999999999782e-01
2.504858970642089844e-01 -3.382000000000000006e-01
3.075020313262939453e-01 -3.380000000000000226e-01
3.504228591918945312e-01 -3.382999999999999896e-01
4.064779281616210938e-01 -3.380000000000000226e-01
4.494030475616455078e-01 -3.382999999999999896e-01
5.064530372619628906e-01 -3.380000000000000226e-01
5.634748935699462891e-01 -3.382000000000000006e-01
6.062979698181152344e-01 -3.381000000000000116e-01
6.633489131927490234e-01 -3.382999999999999896e-01
7.052469253540039062e-01 -3.381000000000000116e-01
7.622048854827880859e-01 -3.381000000000000116e-01
8.051769733428955078e-01 -3.381000000000000116e-01
8.612029552459716797e-01 -3.382999999999999896e-01
9.041588306427001953e-01 -3.381000000000000116e-01
9.611268043518066406e-01 -3.381000000000000116e-01
1.004145860671997070e+00 -3.382000000000000006e-01
1.061089038848876953e+00 -3.382000000000000006e-01
1.103086948394775391e+00 -3.381000000000000116e-01
1.160212993621826172e+00 -3.381000000000000116e-01
1.203164815902709961e+00 -3.382000000000000006e-01
1.260124921798706055e+00 -3.381000000000000116e-01
1.317155122756958008e+00 -3.381000000000000116e-01
1.359103918075561523e+00 -3.380000000000000226e-01
1.416117906570434570e+00 -3.382000000000000006e-01
1.459069967269897461e+00 -3.378999999999999782e-01
1.516108989715576172e+00 -3.382999999999999896e-01
1.558069944381713867e+00 -3.380000000000000226e-01
1.615094900131225586e+00 -3.382999999999999896e-01
1.658039093017578125e+00 -3.381000000000000116e-01
1.715242862701416016e+00 -3.382000000000000006e-01
1.757107973098754883e+00 -3.378999999999999782e-01
1.814112901687622070e+00 -3.381000000000000116e-01
1.857054948806762695e+00 -3.377999999999999892e-01
1.914072036743164062e+00 -3.382000000000000006e-01
1.957037925720214844e+00 -3.380000000000000226e-01
2.013073921203613281e+00 -3.381000000000000116e-01
2.056034088134765625e+00 -3.380000000000000226e-01
2.113049030303955078e+00 -3.381000000000000116e-01
2.156016826629638672e+00 -3.382000000000000006e-01
2.212010860443115234e+00 -3.382999999999999896e-01
2.255021095275878906e+00 -3.381000000000000116e-01
2.312027931213378906e+00 -3.382000000000000006e-01
2.355031967163085938e+00 -3.382000000000000006e-01
2.411984920501708984e+00 -3.378999999999999782e-01
2.467992067337036133e+00 -3.381000000000000116e-01
2.511008024215698242e+00 -3.378999999999999782e-01
2.567992925643920898e+00 -3.382999999999999896e-01
2.610983848571777344e+00 -3.378999999999999782e-01
2.667968034744262695e+00 -3.382000000000000006e-01
2.709929943084716797e+00 -3.380000000000000226e-01
2.766989946365356445e+00 -3.382999999999999896e-01
2.809880971908569336e+00 -3.378999999999999782e-01
2.866878986358642578e+00 -3.381000000000000116e-01
2.909034967422485352e+00 -3.381000000000000116e-01
2.965966939926147461e+00 -3.382000000000000006e-01
3.008927822113037109e+00 -3.378999999999999782e-01
3.065932989120483398e+00 -3.381000000000000116e-01
3.107927083969116211e+00 -3.378999999999999782e-01
3.164933919906616211e+00 -3.381000000000000116e-01
3.207910776138305664e+00 -3.378999999999999782e-01
3.264899015426635742e+00 -3.380000000000000226e-01
3.321905851364135742e+00 -3.378999999999999782e-01
3.363884925842285156e+00 -3.380000000000000226e-01
3.420914888381958008e+00 -3.381000000000000116e-01
3.463888883590698242e+00 -3.381000000000000116e-01
3.520917892456054688e+00 -3.380000000000000226e-01
3.562891006469726562e+00 -3.377999999999999892e-01
3.619861841201782227e+00 -3.377999999999999892e-01
3.662914991378784180e+00 -3.377999999999999892e-01
3.719885110855102539e+00 -3.380000000000000226e-01
3.761878967285156250e+00 -3.380000000000000226e-01
3.818892002105712891e+00 -3.381000000000000116e-01
3.861849069595336914e+00 -3.380000000000000226e-01
3.918854951858520508e+00 -3.380000000000000226e-01
3.961840152740478516e+00 -3.377999999999999892e-01
4.017812967300415039e+00 -3.381000000000000116e-01
4.060795783996582031e+00 -3.377999999999999892e-01
4.117829799652099609e+00 -3.382000000000000006e-01
4.160809993743896484e+00 -3.378999999999999782e-01
4.217817068099975586e+00 -3.381000000000000116e-01
4.273787736892700195e+00 -3.377999999999999892e-01
4.316833972930908203e+00 -3.381000000000000116e-01
4.373799800872802734e+00 -3.377000000000000002e-01
4.415793895721435547e+00 -3.381000000000000116e-01
4.473776102066040039e+00 -3.380000000000000226e-01
4.515793800354003906e+00 -3.380000000000000226e-01
4.572786808013916016e+00 -3.380000000000000226e-01
4.615777969360351562e+00 -3.382000000000000006e-01
4.671753883361816406e+00 -3.380000000000000226e-01
4.714786052703857422e+00 -3.380000000000000226e-01
4.771795988082885742e+00 -3.377999999999999892e-01
4.814779758453369141e+00 -3.377000000000000002e-01
4.871758937835693359e+00 -3.378999999999999782e-01
4.913756847381591797e+00 -3.378999999999999782e-01
4.970755100250244141e+00 -3.378999999999999782e-01
5.013712167739868164e+00 -3.378999999999999782e-01
5.070745944976806641e+00 -3.378999999999999782e-01
5.112751960754394531e+00 -3.378999999999999782e-01
5.169739961624145508e+00 -3.381000000000000116e-01
5.226691961288452148e+00 -3.377999999999999892e-01
5.269696950912475586e+00 -3.381000000000000116e-01
5.326719999313354492e+00 -3.378999999999999782e-01
5.368705034255981445e+00 -3.381000000000000116e-01
5.425827980041503906e+00 -3.380000000000000226e-01
5.468711853027343750e+00 -3.382000000000000006e-01
5.525683879852294922e+00 -3.381000000000000116e-01
5.567686796188354492e+00 -3.382000000000000006e-01
5.624665021896362305e+00 -3.378999999999999782e-01
5.667655944824218750e+00 -3.382999999999999896e-01
5.724632024765014648e+00 -3.378999999999999782e-01
5.766623973846435547e+00 -3.382999999999999896e-01
5.823626995086669922e+00 -3.377999999999999892e-01
5.866581916809082031e+00 -3.380000000000000226e-01
5.923642158508300781e+00 -3.378999999999999782e-01
5.966603994369506836e+00 -3.380000000000000226e-01
6.022586107254028320e+00 -3.380000000000000226e-01
6.079603910446166992e+00 -3.382000000000000006e-01
6.122560024261474609e+00 -3.382000000000000006e-01
6.179636955261230469e+00 -3.380000000000000226e-01
6.222553014755249023e+00 -3.382999999999999896e-01
6.278568983078002930e+00 -3.381000000000000116e-01
6.321605920791625977e+00 -3.380000000000000226e-01
6.378616094589233398e+00 -3.380000000000000226e-01
6.421557903289794922e+00 -3.381000000000000116e-01
6.477581024169921875e+00 -3.377999999999999892e-01
6.520558118820190430e+00 -3.381000000000000116e-01
6.577625989913940430e+00 -3.380000000000000226e-01
6.620539188385009766e+00 -3.382999999999999896e-01
6.677484035491943359e+00 -3.378999999999999782e-01
6.719507932662963867e+00 -3.381000000000000116e-01
6.776510953903198242e+00 -3.377999999999999892e-01
6.819519996643066406e+00 -3.381000000000000116e-01
6.876475811004638672e+00 -3.378999999999999782e-01
6.933465003967285156e+00 -3.381000000000000116e-01
6.975478887557983398e+00 -3.378999999999999782e-01
7.032443761825561523e+00 -3.380000000000000226e-01
7.075451850891113281e+00 -3.380000000000000226e-01
7.132503986358642578e+00 -3.382000000000000006e-01
7.174470901489257812e+00 -3.377999999999999892e-01
7.231418132781982422e+00 -3.381000000000000116e-01
7.274390935897827148e+00 -3.378999999999999782e-01
7.331411838531494141e+00 -3.382000000000000006e-01
7.373393774032592773e+00 -3.378999999999999782e-01
7.430396795272827148e+00 -3.382000000000000006e-01
7.473369121551513672e+00 -3.382000000000000006e-01
7.530350923538208008e+00 -3.380000000000000226e-01
7.572360992431640625e+00 -3.382000000000000006e-01
7.629354953765869141e+00 -3.378999999999999782e-01
7.672346830368041992e+00 -3.380000000000000226e-01
7.729366064071655273e+00 -3.378999999999999782e-01
7.786343812942504883e+00 -3.382000000000000006e-01
7.828400135040283203e+00 -3.380000000000000226e-01
7.885332822799682617e+00 -3.381000000000000116e-01
7.928313970565795898e+00 -3.380000000000000226e-01
7.985337972640991211e+00 -3.382000000000000006e-01
8.028348922729492188e+00 -3.380000000000000226e-01
8.084373950958251953e+00 -3.382999999999999896e-01
8.127310037612915039e+00 -3.380000000000000226e-01
8.184303998947143555e+00 -3.383999999999999786e-01
8.226311922073364258e+00 -3.380000000000000226e-01
8.284278869628906250e+00 -3.382999999999999896e-01
8.326293945312500000e+00 -3.380000000000000226e-01
8.383296966552734375e+00 -3.382999999999999896e-01
8.426277160644531250e+00 -3.380000000000000226e-01
8.482278823852539062e+00 -3.382999999999999896e-01
8.525255918502807617e+00 -3.380000000000000226e-01
8.582352161407470703e+00 -3.382000000000000006e-01
8.625257968902587891e+00 -3.380000000000000226e-01
8.682290792465209961e+00 -3.380000000000000226e-01
8.738245010375976562e+00 -3.381000000000000116e-01
8.781280994415283203e+00 -3.381000000000000116e-01
8.838270902633666992e+00 -3.382000000000000006e-01
8.881217002868652344e+00 -3.381000000000000116e-01
8.937203884124755859e+00 -3.382999999999999896e-01
8.980201959609985352e+00 -3.378999999999999782e-01
9.037246942520141602e+00 -3.382000000000000006e-01
9.080219745635986328e+00 -3.380000000000000226e-01
9.137212753295898438e+00 -3.382999999999999896e-01
9.179188013076782227e+00 -3.380000000000000226e-01
9.236219882965087891e+00 -3.381000000000000116e-01
9.279183149337768555e+00 -3.381000000000000116e-01
9.336204051971435547e+00 -3.382000000000000006e-01
9.378186941146850586e+00 -3.378999999999999782e-01
9.435178995132446289e+00 -3.385000000000000231e-01
9.478168964385986328e+00 -3.378999999999999782e-01
9.535156011581420898e+00 -3.382999999999999896e-01
9.577170848846435547e+00 -3.378999999999999782e-01
9.634171724319458008e+00 -3.381000000000000116e-01
9.691252946853637695e+00 -3.380000000000000226e-01
9.734490156173706055e+00 -3.382999999999999896e-01
9.791592836380004883e+00 -3.380000000000000226e-01
9.833435773849487305e+00 -3.380000000000000226e-01
9.890480756759643555e+00 -3.380000000000000226e-01
9.933484077453613281e+00 -3.380000000000000226e-01
9.990503787994384766e+00 -3.380000000000000226e-01
1.003246092796325684e+01 -3.380000000000000226e-01
1.008950281143188477e+01 -3.380000000000000226e-01
1.013237190246582031e+01 -3.380000000000000226e-01
1.018948984146118164e+01 -3.380000000000000226e-01
1.023241090774536133e+01 -3.381000000000000116e-01
1.028847312927246094e+01 -3.380000000000000226e-01
1.033130908012390137e+01 -3.381000000000000116e-01
1.038847517967224121e+01 -3.382999999999999896e-01
1.044546198844909668e+01 -3.377999999999999892e-01
1.048844480514526367e+01 -3.382000000000000006e-01
1.054423499107360840e+01 -3.380000000000000226e-01
1.058728504180908203e+01 -3.380000000000000226e-01
1.064436697959899902e+01 -3.380000000000000226e-01
1.068721389770507812e+01 -3.382000000000000006e-01
1.074315690994262695e+01 -3.378999999999999782e-01
1.078603291511535645e+01 -3.382999999999999896e-01
1.084302401542663574e+01 -3.380000000000000226e-01
1.088606190681457520e+01 -3.382999999999999896e-01
1.094302201271057129e+01 -3.380000000000000226e-01
1.098506808280944824e+01 -3.382999999999999896e-01
1.104203891754150391e+01 -3.378999999999999782e-01
1.108500695228576660e+01 -3.382000000000000006e-01
1.114199900627136230e+01 -3.381000000000000116e-01
1.118398690223693848e+01 -3.382999999999999896e-01
1.124098205566406250e+01 -3.380000000000000226e-01
1.128396701812744141e+01 -3.382000000000000006e-01
1.134100389480590820e+01 -3.380000000000000226e-01
1.138296389579772949e+01 -3.381000000000000116e-01
1.143996000289916992e+01 -3.383999999999999786e-01
1.149697303771972656e+01 -3.381000000000000116e-01
1.153994011878967285e+01 -3.382999999999999896e-01
1.159695410728454590e+01 -3.381000000000000116e-01
1.163892197608947754e+01 -3.383999999999999786e-01
1.169598197937011719e+01 -3.377999999999999892e-01
1.173897385597229004e+01 -3.381000000000000116e-01
1.179593276977539062e+01 -3.381000000000000116e-01
1.183796811103820801e+01 -3.383999999999999786e-01
1.189492392539978027e+01 -3.380000000000000226e-01
1.193790698051452637e+01 -3.383999999999999786e-01
1.199489307403564453e+01 -3.380000000000000226e-01
1.203689479827880859e+01 -3.382000000000000006e-01
1.209390306472778320e+01 -3.377999999999999892e-01
1.213688898086547852e+01 -3.382000000000000006e-01
1.219387388229370117e+01 -3.378999999999999782e-01
1.223688292503356934e+01 -3.381000000000000116e-01
1.229286694526672363e+01 -3.378999999999999782e-01
1.234992408752441406e+01 -3.382000000000000006e-01
1.239287710189819336e+01 -3.381000000000000116e-01
1.244986009597778320e+01 -3.382000000000000006e-01
1.249185609817504883e+01 -3.381000000000000116e-01
1.254885196685791016e+01 -3.381000000000000116e-01
1.259182405471801758e+01 -3.382000000000000006e-01
1.264882874488830566e+01 -3.382000000000000006e-01
1.269182801246643066e+01 -3.382000000000000006e-01
1.274783396720886230e+01 -3.380000000000000226e-01
1.279085302352905273e+01 -3.382999999999999896e-01
1.284785199165344238e+01 -3.378999999999999782e-01
1.289082479476928711e+01 -3.381000000000000116e-01
1.294780206680297852e+01 -3.380000000000000226e-01
1.298979187011718750e+01 -3.382000000000000006e-01
1.304680013656616211e+01 -3.381000000000000116e-01
1.308982706069946289e+01 -3.383999999999999786e-01
1.314680290222167969e+01 -3.381000000000000116e-01
1.320276498794555664e+01 -3.382000000000000006e-01
1.324576497077941895e+01 -3.380000000000000226e-01
1.330277085304260254e+01 -3.382999999999999896e-01
1.334575486183166504e+01 -3.380000000000000226e-01
1.340275192260742188e+01 -3.382000000000000006e-01
1.344475007057189941e+01 -3.380000000000000226e-01
1.350176787376403809e+01 -3.382000000000000006e-01
1.354472994804382324e+01 -3.382000000000000006e-01
1.360172390937805176e+01 -3.382999999999999896e-01
1.364371776580810547e+01 -3.380000000000000226e-01
1.370085597038269043e+01 -3.382000000000000006e-01
1.374370884895324707e+01 -3.380000000000000226e-01
1.380073904991149902e+01 -3.383999999999999786e-01
1.384274792671203613e+01 -3.381000000000000116e-01
1.389970397949218750e+01 -3.382000000000000006e-01
1.394269108772277832e+01 -3.382000000000000006e-01
1.399967575073242188e+01 -3.381000000000000116e-01
1.404269313812255859e+01 -3.381000000000000116e-01
1.409867477416992188e+01 -3.378999999999999782e-01
1.415565991401672363e+01 -3.382000000000000006e-01
1.419865012168884277e+01 -3.380000000000000226e-01
1.425566411018371582e+01 -3.382999999999999896e-01
1.429768586158752441e+01 -3.380000000000000226e-01
1.435567402839660645e+01 -3.382999999999999896e-01
1.439763307571411133e+01 -3.378999999999999782e-01
1.445463085174560547e+01 -3.382000000000000006e-01
1.449763512611389160e+01 -3.377999999999999892e-01
1.455364203453063965e+01 -3.382999999999999896e-01
1.459680199623107910e+01 -3.377999999999999892e-01
1.465364193916320801e+01 -3.382999999999999896e-01
1.469662690162658691e+01 -3.380000000000000226e-01
1.475364494323730469e+01 -3.383999999999999786e-01
1.479563689231872559e+01 -3.378999999999999782e-01
1.485262894630432129e+01 -3.382000000000000006e-01
1.489565491676330566e+01 -3.381000000000000116e-01
1.495260381698608398e+01 -3.382000000000000006e-01
1.499461793899536133e+01 -3.380000000000000226e-01
1.505163383483886719e+01 -3.381000000000000116e-01
1.510859990119934082e+01 -3.380000000000000226e-01
1.515156197547912598e+01 -3.378999999999999782e-01
1.520858597755432129e+01 -3.381000000000000116e-01
1.525056195259094238e+01 -3.380000000000000226e-01
1.530756807327270508e+01 -3.382000000000000006e-01
1.535057878494262695e+01 -3.382000000000000006e-01
1.540755200386047363e+01 -3.382999999999999896e-01
1.544953107833862305e+01 -3.378999999999999782e-01
1.550652384757995605e+01 -3.380000000000000226e-01
1.554954481124877930e+01 -3.381000000000000116e-01
1.560650277137756348e+01 -3.382000000000000006e-01
1.564850997924804688e+01 -3.378999999999999782e-01
1.570555686950683594e+01 -3.383999999999999786e-01
1.574863791465759277e+01 -3.378999999999999782e-01
1.580549097061157227e+01 -3.382999999999999896e-01
1.584850502014160156e+01 -3.380000000000000226e-01
1.590463995933532715e+01 -3.382000000000000006e-01
1.596154594421386719e+01 -3.380000000000000226e-01
1.600451779365539551e+01 -3.382000000000000006e-01
1.606147980690002441e+01 -3.378999999999999782e-01
1.610446691513061523e+01 -3.382999999999999896e-01
1.616049790382385254e+01 -3.380000000000000226e-01
1.620345282554626465e+01 -3.381000000000000116e-01
1.626044487953186035e+01 -3.378999999999999782e-01
1.630244994163513184e+01 -3.381000000000000116e-01
1.635946798324584961e+01 -3.378999999999999782e-01
1.640246796607971191e+01 -3.382000000000000006e-01
1.645941591262817383e+01 -3.381000000000000116e-01
1.650241899490356445e+01 -3.380000000000000226e-01
1.655845904350280762e+01 -3.380000000000000226e-01
1.660143303871154785e+01 -3.381000000000000116e-01
1.665848708152770996e+01 -3.378999999999999782e-01
1.670141887664794922e+01 -3.381000000000000116e-01
1.675741887092590332e+01 -3.382999999999999896e-01
1.681443285942077637e+01 -3.381000000000000116e-01
1.685738992691040039e+01 -3.382000000000000006e-01
1.691437697410583496e+01 -3.380000000000000226e-01
1.695741486549377441e+01 -3.382000000000000006e-01
1.701336383819580078e+01 -3.380000000000000226e-01
1.705636715888977051e+01 -3.383999999999999786e-01
1.711339902877807617e+01 -3.380000000000000226e-01
1.715636873245239258e+01 -3.383999999999999786e-01
1.721239495277404785e+01 -3.381000000000000116e-01
1.725535678863525391e+01 -3.382999999999999896e-01
1.731237912178039551e+01 -3.378999999999999782e-01
1.735545992851257324e+01 -3.382000000000000006e-01
1.741238594055175781e+01 -3.378999999999999782e-01
1.745436477661132812e+01 -3.382000000000000006e-01
1.751137685775756836e+01 -3.378999999999999782e-01
1.755438685417175293e+01 -3.380000000000000226e-01
1.761135101318359375e+01 -3.381000000000000116e-01
1.765335702896118164e+01 -3.382000000000000006e-01
1.771037578582763672e+01 -3.380000000000000226e-01
1.775339293479919434e+01 -3.382000000000000006e-01
1.781030392646789551e+01 -3.382000000000000006e-01
1.786728692054748535e+01 -3.382000000000000006e-01
1.790927004814147949e+01 -3.382000000000000006e-01
1.796635699272155762e+01 -3.380000000000000226e-01
1.800927591323852539e+01 -3.382000000000000006e-01
1.806625604629516602e+01 -3.380000000000000226e-01
1.810827493667602539e+01 -3.382000000000000006e-01
1.816534972190856934e+01 -3.380000000000000226e-01
1.820827198028564453e+01 -3.382999999999999896e-01
1.826523494720458984e+01 -3.381000000000000116e-01
1.830827784538269043e+01 -3.385000000000000231e-01
1.836425495147705078e+01 -3.381000000000000116e-01
1.840721893310546875e+01 -3.382999999999999896e-01
1.846423292160034180e+01 -3.381000000000000116e-01
1.850721096992492676e+01 -3.382999999999999896e-01
1.856324291229248047e+01 -3.380000000000000226e-01
1.860624194145202637e+01 -3.382000000000000006e-01
1.866319489479064941e+01 -3.380000000000000226e-01
1.870619583129882812e+01 -3.381000000000000116e-01
1.876320695877075195e+01 -3.381000000000000116e-01
1.881929183006286621e+01 -3.383999999999999786e-01
1.886218595504760742e+01 -3.381000000000000116e-01
1.891917109489440918e+01 -3.382000000000000006e-01
1.896217012405395508e+01 -3.381000000000000116e-01
1.901917099952697754e+01 -3.382000000000000006e-01
1.906116390228271484e+01 -3.381000000000000116e-01
1.911814188957214355e+01 -3.382999999999999896e-01
1.916115403175354004e+01 -3.381000000000000116e-01
1.921814608573913574e+01 -3.382000000000000006e-01
1.926015210151672363e+01 -3.381000000000000116e-01
1.931712889671325684e+01 -3.382000000000000006e-01
1.936012387275695801e+01 -3.382000000000000006e-01
1.941712784767150879e+01 -3.381000000000000116e-01
1.945911693572998047e+01 -3.382999999999999896e-01
1.951611995697021484e+01 -3.381000000000000116e-01
1.955910992622375488e+01 -3.382999999999999896e-01
1.961610484123229980e+01 -3.382000000000000006e-01
1.965908598899841309e+01 -3.382000000000000006e-01
1.971521496772766113e+01 -3.380000000000000226e-01
1.975819492340087891e+01 -3.382000000000000006e-01
1.981538605690002441e+01 -3.381000000000000116e-01
1.985727190971374512e+01 -3.382999999999999896e-01
1.991435098648071289e+01 -3.381000000000000116e-01
1.997139978408813477e+01 -3.382999999999999896e-01
2.001431703567504883e+01 -3.381000000000000116e-01
2.007141709327697754e+01 -3.383999999999999786e-01
2.011328506469726562e+01 -3.381000000000000116e-01
2.017036581039428711e+01 -3.382000000000000006e-01
2.021328592300415039e+01 -3.380000000000000226e-01
2.027036690711975098e+01 -3.382000000000000006e-01
2.031239604949951172e+01 -3.380000000000000226e-01
2.037040495872497559e+01 -3.382000000000000006e-01
2.041227102279663086e+01 -3.381000000000000116e-01
2.046939897537231445e+01 -3.382000000000000006e-01
2.051231312751770020e+01 -3.382000000000000006e-01
2.056838393211364746e+01 -3.381000000000000116e-01
2.062533497810363770e+01 -3.382000000000000006e-01
2.066809177398681641e+01 -3.381000000000000116e-01
2.072503280639648438e+01 -3.381000000000000116e-01
2.076707196235656738e+01 -3.380000000000000226e-01
2.082402992248535156e+01 -3.382999999999999896e-01
2.086696600914001465e+01 -3.378999999999999782e-01
2.092404198646545410e+01 -3.382999999999999896e-01
2.096699380874633789e+01 -3.380000000000000226e-01
2.102304100990295410e+01 -3.382999999999999896e-01
2.106596088409423828e+01 -3.381000000000000116e-01
2.112295603752136230e+01 -3.382999999999999896e-01
2.116592407226562500e+01 -3.378999999999999782e-01
2.122294807434082031e+01 -3.382000000000000006e-01
2.126495504379272461e+01 -3.380000000000000226e-01
2.132198500633239746e+01 -3.382000000000000006e-01
2.136491584777832031e+01 -3.380000000000000226e-01
2.142193412780761719e+01 -3.382999999999999896e-01
2.146489691734313965e+01 -3.382000000000000006e-01
2.152090692520141602e+01 -3.382000000000000006e-01
2.157793617248535156e+01 -3.380000000000000226e-01
2.162091493606567383e+01 -3.382999999999999896e-01
2.167794775962829590e+01 -3.382000000000000006e-01
2.171987891197204590e+01 -3.382999999999999896e-01
2.177691793441772461e+01 -3.382000000000000006e-01
2.181992483139038086e+01 -3.381000000000000116e-01
2.187685704231262207e+01 -3.381000000000000116e-01
2.191884493827819824e+01 -3.380000000000000226e-01
2.197584104537963867e+01 -3.382000000000000006e-01
2.201883697509765625e+01 -3.378999999999999782e-01
2.207584691047668457e+01 -3.382999999999999896e-01
2.211781811714172363e+01 -3.380000000000000226e-01
2.217483210563659668e+01 -3.382999999999999896e-01
2.221780991554260254e+01 -3.381000000000000116e-01
2.227482485771179199e+01 -3.382000000000000006e-01
2.231781911849975586e+01 -3.380000000000000226e-01
2.237385892868041992e+01 -3.386000000000000121e-01
2.243084597587585449e+01 -3.380000000000000226e-01
2.247383594512939453e+01 -3.382999999999999896e-01
2.253078603744506836e+01 -3.380000000000000226e-01
2.257378792762756348e+01 -3.383999999999999786e-01
2.262979602813720703e+01 -3.381000000000000116e-01
2.267279887199401855e+01 -3.382000000000000006e-01
2.272975778579711914e+01 -3.380000000000000226e-01
2.277277898788452148e+01 -3.381000000000000116e-01
2.282978391647338867e+01 -3.381000000000000116e-01
2.287176585197448730e+01 -3.382000000000000006e-01
2.292874789237976074e+01 -3.381000000000000116e-01
2.297173976898193359e+01 -3.382000000000000006e-01
2.302874279022216797e+01 -3.380000000000000226e-01
2.307077383995056152e+01 -3.382000000000000006e-01
2.312774085998535156e+01 -3.382999999999999896e-01
2.317071413993835449e+01 -3.382000000000000006e-01
2.322771596908569336e+01 -3.383999999999999786e-01
2.328472900390625000e+01 -3.381000000000000116e-01
2.332671308517456055e+01 -3.383999999999999786e-01
2.338369083404541016e+01 -3.382999999999999896e-01
2.342669677734375000e+01 -3.382999999999999896e-01
2.348368406295776367e+01 -3.382000000000000006e-01
2.352567291259765625e+01 -3.385000000000000231e-01
2.358266901969909668e+01 -3.380000000000000226e-01
2.362568402290344238e+01 -3.385000000000000231e-01
2.368267011642456055e+01 -3.381000000000000116e-01
2.372469806671142578e+01 -3.382999999999999896e-01
2.378167796134948730e+01 -3.381000000000000116e-01
2.382468605041503906e+01 -3.383999999999999786e-01
2.388167691230773926e+01 -3.382000000000000006e-01
2.392465305328369141e+01 -3.383999999999999786e-01
2.398065686225891113e+01 -3.378999999999999782e-01
2.402362990379333496e+01 -3.386000000000000121e-01
2.408065891265869141e+01 -3.381000000000000116e-01
2.412362003326416016e+01 -3.383999999999999786e-01
2.417962193489074707e+01 -3.381000000000000116e-01
2.422260403633117676e+01 -3.383999999999999786e-01
2.427971196174621582e+01 -3.382999999999999896e-01
2.432171797752380371e+01 -3.382999999999999896e-01
2.437968587875366211e+01 -3.385000000000000231e-01
2.443565201759338379e+01 -3.382999999999999896e-01
2.447865486145019531e+01 -3.382999999999999896e-01
2.453566098213195801e+01 -3.382999999999999896e-01
2.457762789726257324e+01 -3.382999999999999896e-01
2.463562798500061035e+01 -3.382000000000000006e-01
2.467760896682739258e+01 -3.382999999999999896e-01
2.473481583595275879e+01 -3.382000000000000006e-01
2.477765083312988281e+01 -3.383999999999999786e-01
2.483368587493896484e+01 -3.382000000000000006e-01
2.487666988372802734e+01 -3.385000000000000231e-01
2.493363976478576660e+01 -3.382000000000000006e-01
2.497665500640869141e+01 -3.385000000000000231e-01
2.503358697891235352e+01 -3.381000000000000116e-01
2.509063792228698730e+01 -3.386000000000000121e-01
2.513262581825256348e+01 -3.381000000000000116e-01
2.518956899642944336e+01 -3.383999999999999786e-01
2.523261213302612305e+01 -3.382000000000000006e-01
2.528858900070190430e+01 -3.383999999999999786e-01
2.533159804344177246e+01 -3.381000000000000116e-01
2.538856601715087891e+01 -3.382999999999999896e-01
2.543153691291809082e+01 -3.382000000000000006e-01
2.548856091499328613e+01 -3.385000000000000231e-01
2.553052496910095215e+01 -3.382000000000000006e-01
2.558753681182861328e+01 -3.382999999999999896e-01
2.563052201271057129e+01 -3.382999999999999896e-01
2.568753600120544434e+01 -3.385000000000000231e-01
2.572949385643005371e+01 -3.382000000000000006e-01
2.578660082817077637e+01 -3.383999999999999786e-01
2.582945680618286133e+01 -3.382000000000000006e-01
2.588653898239135742e+01 -3.381000000000000116e-01
2.592951488494873047e+01 -3.383999999999999786e-01
2.598551392555236816e+01 -3.382999999999999896e-01
2.604247093200683594e+01 -3.383999999999999786e-01
2.608550381660461426e+01 -3.378999999999999782e-01
2.614250111579895020e+01 -3.385000000000000231e-01
2.618545508384704590e+01 -3.380000000000000226e-01
2.624146199226379395e+01 -3.382999999999999896e-01
2.628447103500366211e+01 -3.382000000000000006e-01
2.634149980545043945e+01 -3.383999999999999786e-01
2.638343811035156250e+01 -3.381000000000000116e-01
2.644045305252075195e+01 -3.385000000000000231e-01
2.648344492912292480e+01 -3.380000000000000226e-01
2.654049611091613770e+01 -3.383999999999999786e-01
2.658343076705932617e+01 -3.381000000000000116e-01
2.663946294784545898e+01 -3.382999999999999896e-01
2.668241882324218750e+01 -3.381000000000000116e-01
2.673943400382995605e+01 -3.382999999999999896e-01
2.678239798545837402e+01 -3.381000000000000116e-01
2.683945894241333008e+01 -3.382999999999999896e-01
2.688142204284667969e+01 -3.382000000000000006e-01
2.693840503692626953e+01 -3.382000000000000006e-01
2.699538874626159668e+01 -3.382000000000000006e-01
2.703836584091186523e+01 -3.382000000000000006e-01
2.709545898437500000e+01 -3.382000000000000006e-01
2.713736891746520996e+01 -3.382000000000000006e-01
2.719442892074584961e+01 -3.382999999999999896e-01
2.723733401298522949e+01 -3.382000000000000006e-01
2.729436492919921875e+01 -3.383999999999999786e-01
2.733640289306640625e+01 -3.382000000000000006e-01
2.739337015151977539e+01 -3.382999999999999896e-01
2.743635702133178711e+01 -3.381000000000000116e-01
2.749336385726928711e+01 -3.383999999999999786e-01
2.753533577919006348e+01 -3.382999999999999896e-01
2.759231901168823242e+01 -3.383999999999999786e-01
2.763531112670898438e+01 -3.381000000000000116e-01
2.769229483604431152e+01 -3.385000000000000231e-01
2.773435902595520020e+01 -3.378999999999999782e-01
2.779127502441406250e+01 -3.385000000000000231e-01
2.783434700965881348e+01 -3.381000000000000116e-01
2.789129805564880371e+01 -3.385000000000000231e-01
2.793431401252746582e+01 -3.382999999999999896e-01
2.799028086662292480e+01 -3.383999999999999786e-01
2.803326296806335449e+01 -3.381000000000000116e-01
2.809030485153198242e+01 -3.385000000000000231e-01
2.814729380607604980e+01 -3.382000000000000006e-01
2.819026303291320801e+01 -3.382999999999999896e-01
2.824624776840209961e+01 -3.381000000000000116e-01
2.828924393653869629e+01 -3.381000000000000116e-01
2.834632492065429688e+01 -3.381000000000000116e-01
2.838825011253356934e+01 -3.382000000000000006e-01
2.844526100158691406e+01 -3.382000000000000006e-01
2.848826193809509277e+01 -3.382999999999999896e-01
2.854530000686645508e+01 -3.382999999999999896e-01
2.858724880218505859e+01 -3.382999999999999896e-01
2.864525699615478516e+01 -3.383999999999999786e-01
2.868724489212036133e+01 -3.381000000000000116e-01
2.874428391456604004e+01 -3.382999999999999896e-01
2.878724503517150879e+01 -3.382000000000000006e-01
2.884332203865051270e+01 -3.382999999999999896e-01
2.888625597953796387e+01 -3.382000000000000006e-01
2.894321894645690918e+01 -3.385000000000000231e-01
2.898616790771484375e+01 -3.380000000000000226e-01
2.904317092895507812e+01 -3.385000000000000231e-01
2.909915804862976074e+01 -3.382000000000000006e-01
2.914218187332153320e+01 -3.383999999999999786e-01
2.919916105270385742e+01 -3.381000000000000116e-01
2.924213695526123047e+01 -3.385000000000000231e-01
2.929813599586486816e+01 -3.382999999999999896e-01
2.934118700027465820e+01 -3.383999999999999786e-01
2.939815092086791992e+01 -3.382999999999999896e-01
2.944111299514770508e+01 -3.382999999999999896e-01
2.949811100959777832e+01 -3.382000000000000006e-01
2.954013681411743164e+01 -3.382999999999999896e-01
2.959715080261230469e+01 -3.382000000000000006e-01
2.964009499549865723e+01 -3.382999999999999896e-01
2.969724202156066895e+01 -3.382000000000000006e-01
2.974028491973876953e+01 -3.382999999999999896e-01
2.979630398750305176e+01 -3.382000000000000006e-01
2.983933782577514648e+01 -3.382999999999999896e-01
2.989637088775634766e+01 -3.383999999999999786e-01
2.995333099365234375e+01 -3.382999999999999896e-01
2.999530601501464844e+01 -3.383999999999999786e-01
