# ./Data/BW2025-02-07_16:15:06sky
# Duration (in s): 30
# Pointing Position of the Horn: Sky
# Angle pointing (from horizontal perpendicular to supporting axis): 48.70
# Angle pointing (from horizontal parallel to supporting axis): 120
# Calibrator used: NO
# Temperature Outside (in celcius): 25.4
# Temperature of the calibrator (in celcius): Low
# Weather: very clear
# Units: Volts
4.720687866210937500e-05 -3.528000000000000025e-01
7.504725456237792969e-02 -3.528999999999999915e-01
1.181731224060058594e-01 -3.527000000000000135e-01
1.743071079254150391e-01 -3.528999999999999915e-01
2.171299457550048828e-01 -3.526000000000000245e-01
2.742772102355957031e-01 -3.531000000000000250e-01
3.163089752197265625e-01 -3.526000000000000245e-01
3.732931613922119141e-01 -3.531000000000000250e-01
4.163079261779785156e-01 -3.526000000000000245e-01
4.732811450958251953e-01 -3.528999999999999915e-01
5.302829742431640625e-01 -3.527000000000000135e-01
5.722732543945312500e-01 -3.527000000000000135e-01
6.291570663452148438e-01 -3.527000000000000135e-01
6.719431877136230469e-01 -3.528999999999999915e-01
7.288932800292968750e-01 -3.528000000000000025e-01
7.708921432495117188e-01 -3.528999999999999915e-01
8.288531303405761719e-01 -3.526000000000000245e-01
8.708231449127197266e-01 -3.527000000000000135e-01
9.278273582458496094e-01 -3.526000000000000245e-01
9.708490371704101562e-01 -3.527000000000000135e-01
1.026829004287719727e+00 -3.528000000000000025e-01
1.069802045822143555e+00 -3.527000000000000135e-01
1.126894235610961914e+00 -3.527000000000000135e-01
1.169856071472167969e+00 -3.527000000000000135e-01
1.226840019226074219e+00 -3.527000000000000135e-01
1.268932104110717773e+00 -3.527000000000000135e-01
1.325802087783813477e+00 -3.528000000000000025e-01
1.368781089782714844e+00 -3.526000000000000245e-01
1.425823926925659180e+00 -3.528999999999999915e-01
1.467780113220214844e+00 -3.526000000000000245e-01
1.524783134460449219e+00 -3.529999999999999805e-01
1.581768274307250977e+00 -3.527000000000000135e-01
1.624757051467895508e+00 -3.529999999999999805e-01
1.681789159774780273e+00 -3.526000000000000245e-01
1.723771095275878906e+00 -3.528000000000000025e-01
1.780807256698608398e+00 -3.526000000000000245e-01
1.823743104934692383e+00 -3.529999999999999805e-01
1.880736112594604492e+00 -3.526000000000000245e-01
1.923710346221923828e+00 -3.528000000000000025e-01
1.979745149612426758e+00 -3.524999999999999800e-01
2.022717237472534180e+00 -3.529999999999999805e-01
2.079740285873413086e+00 -3.526000000000000245e-01
2.121704339981079102e+00 -3.528999999999999915e-01
2.179721117019653320e+00 -3.527000000000000135e-01
2.221755266189575195e+00 -3.529999999999999805e-01
2.278729915618896484e+00 -3.527000000000000135e-01
2.321683168411254883e+00 -3.527000000000000135e-01
2.377679109573364258e+00 -3.524999999999999800e-01
2.420691967010498047e+00 -3.527000000000000135e-01
2.477653980255126953e+00 -3.526000000000000245e-01
2.520673036575317383e+00 -3.527000000000000135e-01
2.576682090759277344e+00 -3.527000000000000135e-01
2.619676113128662109e+00 -3.527000000000000135e-01
2.676673173904418945e+00 -3.526000000000000245e-01
2.719648122787475586e+00 -3.527000000000000135e-01
2.776643037796020508e+00 -3.528000000000000025e-01
2.832655191421508789e+00 -3.527000000000000135e-01
2.875632286071777344e+00 -3.528000000000000025e-01
2.932640075683593750e+00 -3.528000000000000025e-01
2.975611209869384766e+00 -3.529999999999999805e-01
3.032626152038574219e+00 -3.527000000000000135e-01
3.074615001678466797e+00 -3.529999999999999805e-01
3.131613254547119141e+00 -3.528000000000000025e-01
3.174584150314331055e+00 -3.529999999999999805e-01
3.231602191925048828e+00 -3.527000000000000135e-01
3.273630142211914062e+00 -3.531000000000000250e-01
3.330579996109008789e+00 -3.524999999999999800e-01
3.373566150665283203e+00 -3.529999999999999805e-01
3.430606126785278320e+00 -3.527000000000000135e-01
3.472562313079833984e+00 -3.528999999999999915e-01
3.529626131057739258e+00 -3.526000000000000245e-01
3.572552204132080078e+00 -3.528999999999999915e-01
3.629565238952636719e+00 -3.527000000000000135e-01
3.686545133590698242e+00 -3.528999999999999915e-01
3.728536128997802734e+00 -3.527000000000000135e-01
3.785541057586669922e+00 -3.528999999999999915e-01
3.828526020050048828e+00 -3.528000000000000025e-01
3.885520219802856445e+00 -3.527000000000000135e-01
3.927507162094116211e+00 -3.527000000000000135e-01
3.984513044357299805e+00 -3.528000000000000025e-01
4.027523040771484375e+00 -3.528000000000000025e-01
4.084528207778930664e+00 -3.528999999999999915e-01
4.127514123916625977e+00 -3.527000000000000135e-01
4.183504104614257812e+00 -3.528000000000000025e-01
4.226515293121337891e+00 -3.531000000000000250e-01
4.283538103103637695e+00 -3.528000000000000025e-01
4.325514078140258789e+00 -3.528000000000000025e-01
4.383504152297973633e+00 -3.523999999999999910e-01
4.425512313842773438e+00 -3.528000000000000025e-01
4.482517957687377930e+00 -3.527000000000000135e-01
4.539512157440185547e+00 -3.528000000000000025e-01
4.581495046615600586e+00 -3.524999999999999800e-01
4.638502120971679688e+00 -3.529999999999999805e-01
4.681506156921386719e+00 -3.526000000000000245e-01
4.738492250442504883e+00 -3.528999999999999915e-01
4.780452251434326172e+00 -3.526000000000000245e-01
4.837417364120483398e+00 -3.529999999999999805e-01
4.880417108535766602e+00 -3.527000000000000135e-01
4.937397956848144531e+00 -3.529999999999999805e-01
4.980417013168334961e+00 -3.526000000000000245e-01
5.036409139633178711e+00 -3.527000000000000135e-01
5.079391002655029297e+00 -3.527000000000000135e-01
5.136373996734619141e+00 -3.528999999999999915e-01
5.179371118545532227e+00 -3.526000000000000245e-01
5.236371278762817383e+00 -3.528999999999999915e-01
5.278430938720703125e+00 -3.527000000000000135e-01
5.335369110107421875e+00 -3.529999999999999805e-01
5.378392219543457031e+00 -3.527000000000000135e-01
5.435346126556396484e+00 -3.526000000000000245e-01
5.491378307342529297e+00 -3.526000000000000245e-01
5.534362077713012695e+00 -3.528000000000000025e-01
5.591339111328125000e+00 -3.528000000000000025e-01
5.634331226348876953e+00 -3.527000000000000135e-01
5.691342115402221680e+00 -3.528000000000000025e-01
5.733329296112060547e+00 -3.524999999999999800e-01
5.790334939956665039e+00 -3.528999999999999915e-01
5.833306074142456055e+00 -3.524999999999999800e-01
5.890326023101806641e+00 -3.528000000000000025e-01
5.932307958602905273e+00 -3.528000000000000025e-01
5.989323139190673828e+00 -3.528999999999999915e-01
6.032285213470458984e+00 -3.527000000000000135e-01
6.089276313781738281e+00 -3.528999999999999915e-01
6.131376266479492188e+00 -3.526000000000000245e-01
6.188300132751464844e+00 -3.528999999999999915e-01
6.231272220611572266e+00 -3.524999999999999800e-01
6.288329124450683594e+00 -3.528999999999999915e-01
6.331254005432128906e+00 -3.527000000000000135e-01
6.387282133102416992e+00 -3.528999999999999915e-01
6.444267034530639648e+00 -3.526000000000000245e-01
6.487273216247558594e+00 -3.527000000000000135e-01
6.544237136840820312e+00 -3.526000000000000245e-01
6.587230920791625977e+00 -3.528000000000000025e-01
6.644272089004516602e+00 -3.524999999999999800e-01
6.686450242996215820e+00 -3.528000000000000025e-01
6.743260145187377930e+00 -3.527000000000000135e-01
6.786266088485717773e+00 -3.527000000000000135e-01
6.843243122100830078e+00 -3.526000000000000245e-01
6.885250091552734375e+00 -3.527000000000000135e-01
6.942198038101196289e+00 -3.528000000000000025e-01
6.985203266143798828e+00 -3.529999999999999805e-01
7.042199134826660156e+00 -3.528000000000000025e-01
7.084218263626098633e+00 -3.528000000000000025e-01
7.141191244125366211e+00 -3.528000000000000025e-01
7.184180974960327148e+00 -3.527000000000000135e-01
7.241176128387451172e+00 -3.528999999999999915e-01
7.298312187194824219e+00 -3.527000000000000135e-01
7.340174198150634766e+00 -3.529999999999999805e-01
7.397184133529663086e+00 -3.527000000000000135e-01
7.440139055252075195e+00 -3.528999999999999915e-01
7.497163057327270508e+00 -3.528000000000000025e-01
7.539150238037109375e+00 -3.532000000000000139e-01
7.596120119094848633e+00 -3.527000000000000135e-01
7.639111280441284180e+00 -3.531000000000000250e-01
7.696197271347045898e+00 -3.526000000000000245e-01
7.738180160522460938e+00 -3.528999999999999915e-01
7.795166969299316406e+00 -3.526000000000000245e-01
7.838131189346313477e+00 -3.528999999999999915e-01
7.895113945007324219e+00 -3.526000000000000245e-01
7.938104152679443359e+00 -3.529999999999999805e-01
7.994127035140991211e+00 -3.524999999999999800e-01
8.037139177322387695e+00 -3.529999999999999805e-01
8.094098329544067383e+00 -3.524999999999999800e-01
8.137093067169189453e+00 -3.528000000000000025e-01
8.193075180053710938e+00 -3.527000000000000135e-01
8.250108242034912109e+00 -3.528000000000000025e-01
8.293076038360595703e+00 -3.527000000000000135e-01
8.350063085556030273e+00 -3.528000000000000025e-01
8.393041133880615234e+00 -3.528000000000000025e-01
8.449031114578247070e+00 -3.528000000000000025e-01
8.492030143737792969e+00 -3.528000000000000025e-01
8.549043178558349609e+00 -3.527000000000000135e-01
8.591020107269287109e+00 -3.528999999999999915e-01
8.649026155471801758e+00 -3.528000000000000025e-01
8.691002130508422852e+00 -3.527000000000000135e-01
8.748092174530029297e+00 -3.526000000000000245e-01
8.791027307510375977e+00 -3.528999999999999915e-01
8.847993135452270508e+00 -3.527000000000000135e-01
8.889987230300903320e+00 -3.527000000000000135e-01
8.947026252746582031e+00 -3.528000000000000025e-01
8.989973068237304688e+00 -3.528999999999999915e-01
9.046994209289550781e+00 -3.527000000000000135e-01
9.088966131210327148e+00 -3.529999999999999805e-01
9.145980119705200195e+00 -3.526000000000000245e-01
9.202947139739990234e+00 -3.529999999999999805e-01
9.246008157730102539e+00 -3.524999999999999800e-01
9.302979230880737305e+00 -3.528000000000000025e-01
9.344978332519531250e+00 -3.527000000000000135e-01
9.401942968368530273e+00 -3.529999999999999805e-01
9.444935321807861328e+00 -3.527000000000000135e-01
9.501937150955200195e+00 -3.528000000000000025e-01
9.543936014175415039e+00 -3.526000000000000245e-01
9.600920200347900391e+00 -3.528999999999999915e-01
9.644025087356567383e+00 -3.526000000000000245e-01
9.701137304306030273e+00 -3.528000000000000025e-01
9.743280172348022461e+00 -3.528000000000000025e-01
9.800148963928222656e+00 -3.528000000000000025e-01
9.843170166015625000e+00 -3.527000000000000135e-01
9.900168180465698242e+00 -3.527000000000000135e-01
9.943263053894042969e+00 -3.527000000000000135e-01
9.999262332916259766e+00 -3.527000000000000135e-01
1.004218435287475586e+01 -3.526000000000000245e-01
1.009925031661987305e+01 -3.526000000000000245e-01
1.015623712539672852e+01 -3.528000000000000025e-01
1.019814705848693848e+01 -3.527000000000000135e-01
1.025523090362548828e+01 -3.528999999999999915e-01
1.029823207855224609e+01 -3.527000000000000135e-01
1.035522103309631348e+01 -3.528000000000000025e-01
1.039723324775695801e+01 -3.526000000000000245e-01
1.045423221588134766e+01 -3.528000000000000025e-01
1.049723219871520996e+01 -3.527000000000000135e-01
1.055399012565612793e+01 -3.528999999999999915e-01
1.059700012207031250e+01 -3.526000000000000245e-01
1.065294098854064941e+01 -3.529999999999999805e-01
1.069582414627075195e+01 -3.526000000000000245e-01
1.075296115875244141e+01 -3.528000000000000025e-01
1.079588127136230469e+01 -3.526000000000000245e-01
1.085280418395996094e+01 -3.528999999999999915e-01
1.089481425285339355e+01 -3.524999999999999800e-01
1.095182013511657715e+01 -3.529999999999999805e-01
1.099484515190124512e+01 -3.524999999999999800e-01
1.105179023742675781e+01 -3.526000000000000245e-01
1.110874795913696289e+01 -3.526000000000000245e-01
1.115085792541503906e+01 -3.527000000000000135e-01
1.120779418945312500e+01 -3.526000000000000245e-01
1.125075507164001465e+01 -3.528000000000000025e-01
1.130777311325073242e+01 -3.527000000000000135e-01
1.134974002838134766e+01 -3.526000000000000245e-01
1.140673518180847168e+01 -3.524999999999999800e-01
1.144974017143249512e+01 -3.526000000000000245e-01
1.150672221183776855e+01 -3.527000000000000135e-01
1.154873919486999512e+01 -3.526000000000000245e-01
1.160572123527526855e+01 -3.528000000000000025e-01
1.164869809150695801e+01 -3.524999999999999800e-01
1.170571422576904297e+01 -3.527000000000000135e-01
1.174775815010070801e+01 -3.527000000000000135e-01
1.180482101440429688e+01 -3.528999999999999915e-01
1.186171221733093262e+01 -3.527000000000000135e-01
1.190467309951782227e+01 -3.529999999999999805e-01
1.196170115470886230e+01 -3.524999999999999800e-01
1.200368118286132812e+01 -3.529999999999999805e-01
1.206081104278564453e+01 -3.524999999999999800e-01
1.210368609428405762e+01 -3.528000000000000025e-01
1.216069293022155762e+01 -3.524999999999999800e-01
1.220365905761718750e+01 -3.528000000000000025e-01
1.225967621803283691e+01 -3.526000000000000245e-01
1.230264711380004883e+01 -3.528999999999999915e-01
1.235969114303588867e+01 -3.523999999999999910e-01
1.240265417098999023e+01 -3.528999999999999915e-01
1.245862412452697754e+01 -3.526000000000000245e-01
1.250161218643188477e+01 -3.528999999999999915e-01
1.255872821807861328e+01 -3.524999999999999800e-01
1.260064506530761719e+01 -3.527000000000000135e-01
1.265861129760742188e+01 -3.526000000000000245e-01
1.271460413932800293e+01 -3.528999999999999915e-01
1.275762200355529785e+01 -3.526000000000000245e-01
1.281463336944580078e+01 -3.527000000000000135e-01
1.285661101341247559e+01 -3.527000000000000135e-01
1.291456890106201172e+01 -3.526000000000000245e-01
1.295656514167785645e+01 -3.527000000000000135e-01
1.301357698440551758e+01 -3.528999999999999915e-01
1.305656123161315918e+01 -3.528999999999999915e-01
1.311354494094848633e+01 -3.524999999999999800e-01
1.315554404258728027e+01 -3.527000000000000135e-01
1.321254396438598633e+01 -3.526000000000000245e-01
1.325555419921875000e+01 -3.528000000000000025e-01
1.331255722045898438e+01 -3.526000000000000245e-01
1.335453724861145020e+01 -3.527000000000000135e-01
1.341154217720031738e+01 -3.524999999999999800e-01
1.346851420402526855e+01 -3.528999999999999915e-01
1.351151204109191895e+01 -3.523999999999999910e-01
1.356756615638732910e+01 -3.528000000000000025e-01
1.361051321029663086e+01 -3.527000000000000135e-01
1.366751098632812500e+01 -3.529999999999999805e-01
1.371053910255432129e+01 -3.526000000000000245e-01
1.376763319969177246e+01 -3.527000000000000135e-01
1.380953598022460938e+01 -3.526000000000000245e-01
1.386648917198181152e+01 -3.529999999999999805e-01
1.390946197509765625e+01 -3.524999999999999800e-01
1.396646308898925781e+01 -3.528999999999999915e-01
1.400847220420837402e+01 -3.527000000000000135e-01
1.406550598144531250e+01 -3.528999999999999915e-01
1.410847115516662598e+01 -3.527000000000000135e-01
1.416544508934020996e+01 -3.528000000000000025e-01
1.420746898651123047e+01 -3.526000000000000245e-01
1.426448607444763184e+01 -3.527000000000000135e-01
1.432143521308898926e+01 -3.527000000000000135e-01
1.436442422866821289e+01 -3.526000000000000245e-01
1.442144203186035156e+01 -3.528000000000000025e-01
1.446342134475708008e+01 -3.524999999999999800e-01
1.452040719985961914e+01 -3.526000000000000245e-01
1.456341600418090820e+01 -3.524999999999999800e-01
1.462040710449218750e+01 -3.526000000000000245e-01
1.466237735748291016e+01 -3.527000000000000135e-01
1.471937823295593262e+01 -3.528000000000000025e-01
1.476239824295043945e+01 -3.524999999999999800e-01
1.481938719749450684e+01 -3.528999999999999915e-01
1.486238908767700195e+01 -3.524999999999999800e-01
1.491834902763366699e+01 -3.529999999999999805e-01
1.496136498451232910e+01 -3.526000000000000245e-01
1.501836013793945312e+01 -3.528999999999999915e-01
1.506134915351867676e+01 -3.524999999999999800e-01
1.511835813522338867e+01 -3.528000000000000025e-01
1.517437720298767090e+01 -3.527000000000000135e-01
1.521737432479858398e+01 -3.528999999999999915e-01
1.527441620826721191e+01 -3.527000000000000135e-01
1.531735396385192871e+01 -3.529999999999999805e-01
1.537434601783752441e+01 -3.527000000000000135e-01
1.541636133193969727e+01 -3.528000000000000025e-01
1.547334504127502441e+01 -3.527000000000000135e-01
1.551634621620178223e+01 -3.526000000000000245e-01
1.557333922386169434e+01 -3.526000000000000245e-01
1.561537313461303711e+01 -3.526000000000000245e-01
1.567233824729919434e+01 -3.526000000000000245e-01
1.571533107757568359e+01 -3.528999999999999915e-01
1.577236413955688477e+01 -3.526000000000000245e-01
1.581433129310607910e+01 -3.528000000000000025e-01
1.587127614021301270e+01 -3.527000000000000135e-01
1.591425418853759766e+01 -3.527000000000000135e-01
1.597128009796142578e+01 -3.529999999999999805e-01
1.602827596664428711e+01 -3.526000000000000245e-01
1.607023000717163086e+01 -3.528000000000000025e-01
1.612732529640197754e+01 -3.527000000000000135e-01
1.617025923728942871e+01 -3.528000000000000025e-01
1.622726130485534668e+01 -3.526000000000000245e-01
1.626927900314331055e+01 -3.529999999999999805e-01
1.632622623443603516e+01 -3.526000000000000245e-01
1.636921811103820801e+01 -3.529999999999999805e-01
1.642619514465332031e+01 -3.523999999999999910e-01
1.646925210952758789e+01 -3.528999999999999915e-01
1.652520608901977539e+01 -3.527000000000000135e-01
1.656817817687988281e+01 -3.529999999999999805e-01
1.662517929077148438e+01 -3.526000000000000245e-01
1.666819810867309570e+01 -3.528999999999999915e-01
1.672418093681335449e+01 -3.526000000000000245e-01
1.676718807220458984e+01 -3.529999999999999805e-01
1.682419824600219727e+01 -3.528999999999999915e-01
1.688122916221618652e+01 -3.529999999999999805e-01
1.692415213584899902e+01 -3.528000000000000025e-01
1.698014807701110840e+01 -3.527000000000000135e-01
1.702315020561218262e+01 -3.527000000000000135e-01
1.708017516136169434e+01 -3.528000000000000025e-01
1.712216019630432129e+01 -3.528000000000000025e-01
1.718013525009155273e+01 -3.527000000000000135e-01
1.722212505340576172e+01 -3.528000000000000025e-01
1.727933716773986816e+01 -3.528000000000000025e-01
1.732215809822082520e+01 -3.527000000000000135e-01
1.737915205955505371e+01 -3.526000000000000245e-01
1.742113208770751953e+01 -3.527000000000000135e-01
1.747812914848327637e+01 -3.526000000000000245e-01
1.752114009857177734e+01 -3.528999999999999915e-01
1.757714200019836426e+01 -3.527000000000000135e-01
1.762009119987487793e+01 -3.529999999999999805e-01
1.767711615562438965e+01 -3.528000000000000025e-01
1.772008228302001953e+01 -3.529999999999999805e-01
1.777709913253784180e+01 -3.526000000000000245e-01
1.783408617973327637e+01 -3.529999999999999805e-01
1.787612414360046387e+01 -3.527000000000000135e-01
1.793305921554565430e+01 -3.531000000000000250e-01
1.797604131698608398e+01 -3.527000000000000135e-01
1.803306317329406738e+01 -3.531000000000000250e-01
1.807504820823669434e+01 -3.528000000000000025e-01
1.813204097747802734e+01 -3.531000000000000250e-01
1.817502999305725098e+01 -3.528000000000000025e-01
1.823201608657836914e+01 -3.532000000000000139e-01
1.827406001091003418e+01 -3.527000000000000135e-01
1.833102631568908691e+01 -3.532000000000000139e-01
1.837401914596557617e+01 -3.527000000000000135e-01
1.843098807334899902e+01 -3.531000000000000250e-01
1.847301125526428223e+01 -3.527000000000000135e-01
1.853003430366516113e+01 -3.528999999999999915e-01
1.857297825813293457e+01 -3.528999999999999915e-01
1.862996602058410645e+01 -3.528999999999999915e-01
1.868698310852050781e+01 -3.528999999999999915e-01
1.872896623611450195e+01 -3.528000000000000025e-01
1.878597497940063477e+01 -3.529999999999999805e-01
1.882906699180603027e+01 -3.528000000000000025e-01
1.888621711730957031e+01 -3.528999999999999915e-01
1.892900419235229492e+01 -3.528000000000000025e-01
1.898495507240295410e+01 -3.528000000000000025e-01
1.902794313430786133e+01 -3.527000000000000135e-01
1.908495903015136719e+01 -3.531000000000000250e-01
1.912793493270874023e+01 -3.527000000000000135e-01
1.918491697311401367e+01 -3.528000000000000025e-01
1.922690725326538086e+01 -3.526000000000000245e-01
1.928395795822143555e+01 -3.529999999999999805e-01
1.932692408561706543e+01 -3.527000000000000135e-01
1.938389396667480469e+01 -3.528999999999999915e-01
1.943992710113525391e+01 -3.527000000000000135e-01
1.948292136192321777e+01 -3.531000000000000250e-01
1.953990125656127930e+01 -3.528999999999999915e-01
1.958287715911865234e+01 -3.528999999999999915e-01
1.963899612426757812e+01 -3.528000000000000025e-01
1.968192005157470703e+01 -3.529999999999999805e-01
1.973916101455688477e+01 -3.527000000000000135e-01
1.978214120864868164e+01 -3.529999999999999805e-01
1.983913922309875488e+01 -3.527000000000000135e-01
1.988116812705993652e+01 -3.528999999999999915e-01
1.993816494941711426e+01 -3.528000000000000025e-01
1.998110723495483398e+01 -3.528999999999999915e-01
2.003807711601257324e+01 -3.528999999999999915e-01
2.007997012138366699e+01 -3.528999999999999915e-01
2.013706898689270020e+01 -3.527000000000000135e-01
2.018007922172546387e+01 -3.529999999999999805e-01
2.023719406127929688e+01 -3.528999999999999915e-01
2.027906012535095215e+01 -3.527000000000000135e-01
2.033611607551574707e+01 -3.527000000000000135e-01
2.037906718254089355e+01 -3.528000000000000025e-01
2.043618011474609375e+01 -3.529999999999999805e-01
2.047900795936584473e+01 -3.528000000000000025e-01
2.053504991531372070e+01 -3.529999999999999805e-01
2.059204125404357910e+01 -3.529999999999999805e-01
2.063501429557800293e+01 -3.531000000000000250e-01
2.069184994697570801e+01 -3.527000000000000135e-01
2.073480510711669922e+01 -3.529999999999999805e-01
2.079079008102416992e+01 -3.528999999999999915e-01
2.083379197120666504e+01 -3.529999999999999805e-01
2.089077019691467285e+01 -3.527000000000000135e-01
2.093376994132995605e+01 -3.529999999999999805e-01
2.098980116844177246e+01 -3.526000000000000245e-01
2.103279519081115723e+01 -3.529999999999999805e-01
2.108970808982849121e+01 -3.527000000000000135e-01
2.113280725479125977e+01 -3.531000000000000250e-01
2.118974518775939941e+01 -3.528000000000000025e-01
2.123171019554138184e+01 -3.531000000000000250e-01
2.128873705863952637e+01 -3.528000000000000025e-01
2.133171105384826660e+01 -3.531000000000000250e-01
2.138871598243713379e+01 -3.528999999999999915e-01
2.143078112602233887e+01 -3.528999999999999915e-01
2.148770308494567871e+01 -3.528999999999999915e-01
2.154470133781433105e+01 -3.528999999999999915e-01
2.158770918846130371e+01 -3.528999999999999915e-01
2.164466714859008789e+01 -3.528999999999999915e-01
2.168667221069335938e+01 -3.528999999999999915e-01
2.174369001388549805e+01 -3.528000000000000025e-01
2.178667521476745605e+01 -3.528999999999999915e-01
2.184364318847656250e+01 -3.528000000000000025e-01
2.188574528694152832e+01 -3.528999999999999915e-01
2.194275307655334473e+01 -3.528999999999999915e-01
2.198588705062866211e+01 -3.529999999999999805e-01
2.204268002510070801e+01 -3.527000000000000135e-01
2.208464932441711426e+01 -3.528999999999999915e-01
2.214170908927917480e+01 -3.528999999999999915e-01
2.218477511405944824e+01 -3.531000000000000250e-01
2.224181127548217773e+01 -3.528999999999999915e-01
2.228387308120727539e+01 -3.532000000000000139e-01
2.234073615074157715e+01 -3.529999999999999805e-01
2.238373804092407227e+01 -3.531000000000000250e-01
2.244072127342224121e+01 -3.528000000000000025e-01
2.248269009590148926e+01 -3.529999999999999805e-01
2.253971910476684570e+01 -3.528000000000000025e-01
2.259672808647155762e+01 -3.529999999999999805e-01
2.263973712921142578e+01 -3.528999999999999915e-01
2.269673228263854980e+01 -3.531000000000000250e-01
2.273869204521179199e+01 -3.528999999999999915e-01
2.279584717750549316e+01 -3.532000000000000139e-01
2.283868694305419922e+01 -3.528999999999999915e-01
2.289561510086059570e+01 -3.529999999999999805e-01
2.293857407569885254e+01 -3.528000000000000025e-01
2.299460601806640625e+01 -3.524999999999999800e-01
2.303754329681396484e+01 -3.528999999999999915e-01
2.309452414512634277e+01 -3.528999999999999915e-01
2.313750290870666504e+01 -3.529999999999999805e-01
2.319451713562011719e+01 -3.524999999999999800e-01
2.325075817108154297e+01 -3.529999999999999805e-01
2.329361200332641602e+01 -3.532000000000000139e-01
2.335057401657104492e+01 -3.533000000000000029e-01
2.339350128173828125e+01 -3.529999999999999805e-01
2.344949817657470703e+01 -3.532000000000000139e-01
2.349248909950256348e+01 -3.528000000000000025e-01
2.354952120780944824e+01 -3.529999999999999805e-01
2.359246420860290527e+01 -3.527000000000000135e-01
2.364972805976867676e+01 -3.529999999999999805e-01
2.369150519371032715e+01 -3.527000000000000135e-01
2.374846315383911133e+01 -3.531000000000000250e-01
2.379148793220520020e+01 -3.526000000000000245e-01
2.384903717041015625e+01 -3.532000000000000139e-01
2.389053225517272949e+01 -3.528000000000000025e-01
2.394758820533752441e+01 -3.531000000000000250e-01
2.399068713188171387e+01 -3.528999999999999915e-01
2.404760813713073730e+01 -3.531000000000000250e-01
2.408957719802856445e+01 -3.529999999999999805e-01
2.414648008346557617e+01 -3.532000000000000139e-01
2.418957996368408203e+01 -3.529999999999999805e-01
2.424664807319641113e+01 -3.531000000000000250e-01
2.430347800254821777e+01 -3.528999999999999915e-01
2.434560608863830566e+01 -3.528999999999999915e-01
2.440267229080200195e+01 -3.529999999999999805e-01
2.444545412063598633e+01 -3.529999999999999805e-01
2.450249123573303223e+01 -3.529999999999999805e-01
2.454458808898925781e+01 -3.531000000000000250e-01
2.460142803192138672e+01 -3.532000000000000139e-01
2.464437603950500488e+01 -3.537000000000000144e-01
2.470140123367309570e+01 -3.544999999999999818e-01
2.474435210227966309e+01 -3.544999999999999818e-01
2.480045628547668457e+01 -3.539999999999999813e-01
2.484334611892700195e+01 -3.531000000000000250e-01
2.490041708946228027e+01 -3.532000000000000139e-01
2.494360017776489258e+01 -3.528000000000000025e-01
2.500049114227294922e+01 -3.529999999999999805e-01
2.504235219955444336e+01 -3.528999999999999915e-01
2.509932637214660645e+01 -3.528999999999999915e-01
2.514234900474548340e+01 -3.527000000000000135e-01
2.519937419891357422e+01 -3.531000000000000250e-01
2.525529432296752930e+01 -3.527000000000000135e-01
2.529830408096313477e+01 -3.531000000000000250e-01
2.535528397560119629e+01 -3.527000000000000135e-01
2.539830923080444336e+01 -3.529999999999999805e-01
2.545530223846435547e+01 -3.527000000000000135e-01
2.549726510047912598e+01 -3.532000000000000139e-01
2.555425000190734863e+01 -3.528000000000000025e-01
2.559729504585266113e+01 -3.532000000000000139e-01
2.565434694290161133e+01 -3.528999999999999915e-01
2.569628810882568359e+01 -3.531000000000000250e-01
2.575324797630310059e+01 -3.528999999999999915e-01
2.579624009132385254e+01 -3.528999999999999915e-01
2.585328412055969238e+01 -3.531000000000000250e-01
2.591038417816162109e+01 -3.529999999999999805e-01
2.595218300819396973e+01 -3.529999999999999805e-01
2.600929713249206543e+01 -3.529999999999999805e-01
2.605217099189758301e+01 -3.528999999999999915e-01
2.610916614532470703e+01 -3.528999999999999915e-01
2.615130329132080078e+01 -3.532000000000000139e-01
2.620833301544189453e+01 -3.528000000000000025e-01
2.625119304656982422e+01 -3.531000000000000250e-01
2.630827426910400391e+01 -3.528000000000000025e-01
2.635112905502319336e+01 -3.529999999999999805e-01
2.640714812278747559e+01 -3.527000000000000135e-01
2.645008730888366699e+01 -3.529999999999999805e-01
2.650715422630310059e+01 -3.528999999999999915e-01
2.654907321929931641e+01 -3.531000000000000250e-01
2.660612821578979492e+01 -3.528000000000000025e-01
2.666307616233825684e+01 -3.531000000000000250e-01
2.670604324340820312e+01 -3.528000000000000025e-01
2.676305007934570312e+01 -3.532000000000000139e-01
2.680512523651123047e+01 -3.528000000000000025e-01
2.686218905448913574e+01 -3.531000000000000250e-01
2.690520715713500977e+01 -3.528999999999999915e-01
2.696222734451293945e+01 -3.528999999999999915e-01
2.700417304039001465e+01 -3.528999999999999915e-01
2.706111717224121094e+01 -3.532000000000000139e-01
2.710396003723144531e+01 -3.528999999999999915e-01
2.716096901893615723e+01 -3.533000000000000029e-01
2.720407009124755859e+01 -3.531000000000000250e-01
2.726003623008728027e+01 -3.529999999999999805e-01
2.730290198326110840e+01 -3.531000000000000250e-01
2.735985517501831055e+01 -3.532000000000000139e-01
2.740285110473632812e+01 -3.528999999999999915e-01
2.745896124839782715e+01 -3.529999999999999805e-01
2.751682615280151367e+01 -3.529999999999999805e-01
2.755880403518676758e+01 -3.528000000000000025e-01
2.761583733558654785e+01 -3.529999999999999805e-01
2.765880799293518066e+01 -3.527000000000000135e-01
2.771476197242736816e+01 -3.531000000000000250e-01
2.775784111022949219e+01 -3.528000000000000025e-01
2.781476616859436035e+01 -3.531000000000000250e-01
2.785774612426757812e+01 -3.528999999999999915e-01
2.791474199295043945e+01 -3.528999999999999915e-01
2.795671820640563965e+01 -3.527000000000000135e-01
2.801372623443603516e+01 -3.528999999999999915e-01
2.805671310424804688e+01 -3.527000000000000135e-01
2.811369228363037109e+01 -3.528999999999999915e-01
2.815574312210083008e+01 -3.527000000000000135e-01
2.821265816688537598e+01 -3.528999999999999915e-01
2.826977920532226562e+01 -3.528000000000000025e-01
2.831266522407531738e+01 -3.531000000000000250e-01
2.836963725090026855e+01 -3.528999999999999915e-01
2.841160917282104492e+01 -3.529999999999999805e-01
2.846862721443176270e+01 -3.528999999999999915e-01
2.851160120964050293e+01 -3.529999999999999805e-01
2.856861805915832520e+01 -3.528999999999999915e-01
2.861056423187255859e+01 -3.529999999999999805e-01
2.866779327392578125e+01 -3.529999999999999805e-01
2.871067714691162109e+01 -3.529999999999999805e-01
2.876773118972778320e+01 -3.531000000000000250e-01
2.880962920188903809e+01 -3.531000000000000250e-01
2.886661028861999512e+01 -3.531000000000000250e-01
2.890976715087890625e+01 -3.531000000000000250e-01
2.896664714813232422e+01 -3.529999999999999805e-01
2.900959825515747070e+01 -3.531000000000000250e-01
2.906559205055236816e+01 -3.533000000000000029e-01
2.912273716926574707e+01 -3.528000000000000025e-01
2.916558003425598145e+01 -3.532000000000000139e-01
2.922249317169189453e+01 -3.528000000000000025e-01
2.926557803153991699e+01 -3.531000000000000250e-01
2.932146310806274414e+01 -3.529999999999999805e-01
2.936462211608886719e+01 -3.529999999999999805e-01
2.942148137092590332e+01 -3.528000000000000025e-01
2.946446728706359863e+01 -3.531000000000000250e-01
2.952040028572082520e+01 -3.528000000000000025e-01
2.956340408325195312e+01 -3.531000000000000250e-01
2.962049102783203125e+01 -3.528999999999999915e-01
2.966349315643310547e+01 -3.531000000000000250e-01
2.972061729431152344e+01 -3.528000000000000025e-01
2.976263403892517090e+01 -3.528999999999999915e-01
2.981957602500915527e+01 -3.528000000000000025e-01
2.986260294914245605e+01 -3.529999999999999805e-01
2.991953825950622559e+01 -3.529999999999999805e-01
2.997663211822509766e+01 -3.531000000000000250e-01
