# ./Data/BW2025-02-07_16:01:05blackbody_withnitrogen
# Duration (in s): 30
# Pointing Position of the Horn: Sky
# Angle pointing (from horizontal perpendicular to supporting axis): 48.70
# Angle pointing (from horizontal parallel to supporting axis): 0
# Calibrator used: YES
# Temperature Outside (in celcius): 25.4
# Temperature of the calibrator (in celcius): Low
# Weather: very clear
# Units: Volts
5.507469177246093750e-05 -8.375000000000000222e-01
5.971598625183105469e-02 -8.374000000000000332e-01
1.166939735412597656e-01 -8.376000000000000112e-01
1.596651077270507812e-01 -8.377000000000000002e-01
2.168250083923339844e-01 -8.377000000000000002e-01
2.598659992218017578e-01 -8.370999999999999552e-01
3.159251213073730469e-01 -8.374000000000000332e-01
3.587779998779296875e-01 -8.375000000000000222e-01
4.159049987792968750e-01 -8.375000000000000222e-01
4.587121009826660156e-01 -8.368999999999999773e-01
5.148079395294189453e-01 -8.376000000000000112e-01
5.718970298767089844e-01 -8.373000000000000442e-01
6.146850585937500000e-01 -8.373000000000000442e-01
6.718142032623291016e-01 -8.367999999999999883e-01
7.146432399749755859e-01 -8.376000000000000112e-01
7.706789970397949219e-01 -8.369999999999999662e-01
8.135600090026855469e-01 -8.370999999999999552e-01
8.705101013183593750e-01 -8.367999999999999883e-01
9.134299755096435547e-01 -8.369999999999999662e-01
9.704971313476562500e-01 -8.368999999999999773e-01
1.012394189834594727e+00 -8.367999999999999883e-01
1.069414138793945312e+00 -8.365000000000000213e-01
1.112406015396118164e+00 -8.366000000000000103e-01
1.169554233551025391e+00 -8.365000000000000213e-01
1.211539268493652344e+00 -8.366000000000000103e-01
1.268467187881469727e+00 -8.364000000000000323e-01
1.311383962631225586e+00 -8.365000000000000213e-01
1.368358135223388672e+00 -8.360999999999999543e-01
1.410403013229370117e+00 -8.359999999999999654e-01
1.467425107955932617e+00 -8.363000000000000433e-01
1.510333061218261719e+00 -8.359999999999999654e-01
1.567368268966674805e+00 -8.360999999999999543e-01
1.609391212463378906e+00 -8.360999999999999543e-01
1.666385173797607422e+00 -8.364000000000000323e-01
1.723349332809448242e+00 -8.356000000000000094e-01
1.766308069229125977e+00 -8.359999999999999654e-01
1.823291063308715820e+00 -8.355000000000000204e-01
1.865320205688476562e+00 -8.359999999999999654e-01
1.922282934188842773e+00 -8.355000000000000204e-01
1.965291976928710938e+00 -8.357999999999999874e-01
2.022305011749267578e+00 -8.356000000000000094e-01
2.064294099807739258e+00 -8.358999999999999764e-01
2.121278285980224609e+00 -8.355000000000000204e-01
2.164254188537597656e+00 -8.357999999999999874e-01
2.221255064010620117e+00 -8.355000000000000204e-01
2.264232158660888672e+00 -8.356999999999999984e-01
2.320277214050292969e+00 -8.352000000000000535e-01
2.363222122192382812e+00 -8.357999999999999874e-01
2.420212268829345703e+00 -8.353000000000000425e-01
2.463227033615112305e+00 -8.353000000000000425e-01
2.520249128341674805e+00 -8.354000000000000314e-01
2.576222181320190430e+00 -8.352000000000000535e-01
2.619247198104858398e+00 -8.354000000000000314e-01
2.676223993301391602e+00 -8.352000000000000535e-01
2.719188213348388672e+00 -8.352000000000000535e-01
2.775189161300659180e+00 -8.352000000000000535e-01
2.818166971206665039e+00 -8.352000000000000535e-01
2.875172138214111328e+00 -8.348999999999999755e-01
2.918254137039184570e+00 -8.354000000000000314e-01
2.975197076797485352e+00 -8.348999999999999755e-01
3.017176151275634766e+00 -8.353000000000000425e-01
3.074182033538818359e+00 -8.348999999999999755e-01
3.117141246795654297e+00 -8.352000000000000535e-01
3.174109220504760742e+00 -8.347999999999999865e-01
3.216109037399291992e+00 -8.350999999999999535e-01
3.273164987564086914e+00 -8.348999999999999755e-01
3.316124200820922852e+00 -8.352000000000000535e-01
3.373089075088500977e+00 -8.346999999999999975e-01
3.430107116699218750e+00 -8.353000000000000425e-01
3.472065925598144531e+00 -8.346999999999999975e-01
3.529191255569458008e+00 -8.349999999999999645e-01
3.572082281112670898e+00 -8.342000000000000526e-01
3.629100084304809570e+00 -8.350999999999999535e-01
3.671088218688964844e+00 -8.347999999999999865e-01
3.728102207183837891e+00 -8.347999999999999865e-01
3.771070241928100586e+00 -8.346999999999999975e-01
3.828078985214233398e+00 -8.346000000000000085e-01
3.870028972625732422e+00 -8.346999999999999975e-01
3.927113294601440430e+00 -8.345000000000000195e-01
3.970076084136962891e+00 -8.343000000000000416e-01
4.027024030685424805e+00 -8.344000000000000306e-01
4.068997144699096680e+00 -8.342000000000000526e-01
4.126119136810302734e+00 -8.344000000000000306e-01
4.168971061706542969e+00 -8.344000000000000306e-01
4.225980043411254883e+00 -8.338999999999999746e-01
4.283111095428466797e+00 -8.344000000000000306e-01
4.325034141540527344e+00 -8.339999999999999636e-01
4.381979227066040039e+00 -8.343000000000000416e-01
4.425021171569824219e+00 -8.338999999999999746e-01
4.481940269470214844e+00 -8.339999999999999636e-01
4.525009155273437500e+00 -8.339999999999999636e-01
4.580966234207153320e+00 -8.340999999999999526e-01
4.623988151550292969e+00 -8.340999999999999526e-01
4.680966138839721680e+00 -8.343000000000000416e-01
4.723930120468139648e+00 -8.337999999999999856e-01
4.779899120330810547e+00 -8.338999999999999746e-01
4.822983264923095703e+00 -8.339999999999999636e-01
4.879901170730590820e+00 -8.343000000000000416e-01
4.922920227050781250e+00 -8.337999999999999856e-01
4.978938102722167969e+00 -8.340999999999999526e-01
5.021957159042358398e+00 -8.336999999999999966e-01
5.078912973403930664e+00 -8.340999999999999526e-01
5.121907234191894531e+00 -8.335000000000000187e-01
5.178848981857299805e+00 -8.337999999999999856e-01
5.220892190933227539e+00 -8.336999999999999966e-01
5.277883052825927734e+00 -8.340999999999999526e-01
5.321011304855346680e+00 -8.334000000000000297e-01
5.377840042114257812e+00 -8.333000000000000407e-01
5.434881925582885742e+00 -8.336000000000000076e-01
5.476844072341918945e+00 -8.335000000000000187e-01
5.533850193023681641e+00 -8.336000000000000076e-01
5.576802968978881836e+00 -8.334000000000000297e-01
5.633819103240966797e+00 -8.334000000000000297e-01
5.675776004791259766e+00 -8.332000000000000517e-01
5.732802152633666992e+00 -8.332000000000000517e-01
5.775777101516723633e+00 -8.328999999999999737e-01
5.832780122756958008e+00 -8.333000000000000407e-01
5.874752998352050781e+00 -8.328999999999999737e-01
5.931756973266601562e+00 -8.332000000000000517e-01
5.974743127822875977e+00 -8.328999999999999737e-01
6.031807899475097656e+00 -8.329999999999999627e-01
6.074738264083862305e+00 -8.326999999999999957e-01
6.130729198455810547e+00 -8.332000000000000517e-01
6.173724174499511719e+00 -8.327999999999999847e-01
6.230845212936401367e+00 -8.327999999999999847e-01
6.273725271224975586e+00 -8.324000000000000288e-01
6.329713106155395508e+00 -8.329999999999999627e-01
6.386703014373779297e+00 -8.324000000000000288e-01
6.429697036743164062e+00 -8.326999999999999957e-01
6.486670017242431641e+00 -8.323000000000000398e-01
6.529692173004150391e+00 -8.326000000000000068e-01
6.585709095001220703e+00 -8.323000000000000398e-01
6.628671169281005859e+00 -8.324000000000000288e-01
6.685652256011962891e+00 -8.322000000000000508e-01
6.728672027587890625e+00 -8.320999999999999508e-01
6.785655021667480469e+00 -8.320999999999999508e-01
6.827647209167480469e+00 -8.322000000000000508e-01
6.884621143341064453e+00 -8.320999999999999508e-01
6.927608966827392578e+00 -8.319999999999999618e-01
6.984614133834838867e+00 -8.318999999999999728e-01
7.026689052581787109e+00 -8.323000000000000398e-01
7.083617925643920898e+00 -8.319999999999999618e-01
7.126583099365234375e+00 -8.322000000000000508e-01
7.183583259582519531e+00 -8.319999999999999618e-01
7.240712165832519531e+00 -8.319999999999999618e-01
7.282614946365356445e+00 -8.320999999999999508e-01
7.339592218399047852e+00 -8.318999999999999728e-01
7.382622241973876953e+00 -8.319999999999999618e-01
7.439563989639282227e+00 -8.316000000000000059e-01
7.481549024581909180e+00 -8.318999999999999728e-01
7.538593053817749023e+00 -8.315000000000000169e-01
7.581552028656005859e+00 -8.318999999999999728e-01
7.638567209243774414e+00 -8.317999999999999838e-01
7.680529117584228516e+00 -8.318999999999999728e-01
7.737552165985107422e+00 -8.315000000000000169e-01
7.780516147613525391e+00 -8.317999999999999838e-01
7.837502241134643555e+00 -8.314000000000000279e-01
7.880493164062500000e+00 -8.315000000000000169e-01
7.936490297317504883e+00 -8.313000000000000389e-01
7.993509054183959961e+00 -8.314000000000000279e-01
8.036490201950073242e+00 -8.309999999999999609e-01
8.093619108200073242e+00 -8.310999999999999499e-01
8.135460138320922852e+00 -8.310999999999999499e-01
8.192460060119628906e+00 -8.314000000000000279e-01
8.235449075698852539e+00 -8.309999999999999609e-01
8.292469978332519531e+00 -8.310999999999999499e-01
8.334429264068603516e+00 -8.310999999999999499e-01
8.391438007354736328e+00 -8.312000000000000499e-01
8.434483289718627930e+00 -8.312000000000000499e-01
8.491439104080200195e+00 -8.309999999999999609e-01
8.533475160598754883e+00 -8.310999999999999499e-01
8.590428113937377930e+00 -8.306999999999999940e-01
8.633404254913330078e+00 -8.307999999999999829e-01
8.690420150756835938e+00 -8.307999999999999829e-01
8.733392238616943359e+00 -8.308999999999999719e-01
8.789415121078491211e+00 -8.306000000000000050e-01
8.846442937850952148e+00 -8.309999999999999609e-01
8.889424085617065430e+00 -8.304000000000000270e-01
8.946387290954589844e+00 -8.309999999999999609e-01
8.989418983459472656e+00 -8.306000000000000050e-01
9.046459197998046875e+00 -8.306000000000000050e-01
9.088355064392089844e+00 -8.304000000000000270e-01
9.145336151123046875e+00 -8.306999999999999940e-01
9.188346147537231445e+00 -8.303000000000000380e-01
9.244337081909179688e+00 -8.306000000000000050e-01
9.287333011627197266e+00 -8.303000000000000380e-01
9.344321966171264648e+00 -8.306999999999999940e-01
9.387335062026977539e+00 -8.304000000000000270e-01
9.444313049316406250e+00 -8.304000000000000270e-01
9.486311197280883789e+00 -8.303000000000000380e-01
9.543327331542968750e+00 -8.304000000000000270e-01
9.586282968521118164e+00 -8.300999999999999490e-01
9.643359899520874023e+00 -8.304000000000000270e-01
9.686267137527465820e+00 -8.302000000000000490e-01
9.742431879043579102e+00 -8.299999999999999600e-01
9.799576044082641602e+00 -8.302000000000000490e-01
9.842699050903320312e+00 -8.299999999999999600e-01
9.899706125259399414e+00 -8.302000000000000490e-01
9.941626071929931641e+00 -8.298999999999999710e-01
9.998589277267456055e+00 -8.297999999999999821e-01
1.004165601730346680e+01 -8.296999999999999931e-01
1.009865427017211914e+01 -8.300999999999999490e-01
1.014057111740112305e+01 -8.297999999999999821e-01
1.019762206077575684e+01 -8.298999999999999710e-01
1.024064517021179199e+01 -8.296000000000000041e-01
1.029764914512634277e+01 -8.297999999999999821e-01
1.034043216705322266e+01 -8.294000000000000261e-01
1.039660906791687012e+01 -8.296000000000000041e-01
1.043964099884033203e+01 -8.295000000000000151e-01
1.049660730361938477e+01 -8.296999999999999931e-01
1.055324912071228027e+01 -8.293000000000000371e-01
1.059646201133728027e+01 -8.293000000000000371e-01
1.065250301361083984e+01 -8.293000000000000371e-01
1.069542908668518066e+01 -8.293000000000000371e-01
1.075230622291564941e+01 -8.294000000000000261e-01
1.079520606994628906e+01 -8.292000000000000481e-01
1.085117101669311523e+01 -8.288999999999999702e-01
1.089412617683410645e+01 -8.296000000000000041e-01
1.095127701759338379e+01 -8.289999999999999591e-01
1.099416589736938477e+01 -8.292000000000000481e-01
1.105120515823364258e+01 -8.288999999999999702e-01
1.109313917160034180e+01 -8.290999999999999481e-01
1.115012907981872559e+01 -8.288999999999999702e-01
1.119311523437500000e+01 -8.290999999999999481e-01
1.125020527839660645e+01 -8.289999999999999591e-01
1.129212999343872070e+01 -8.288999999999999702e-01
1.134911012649536133e+01 -8.294000000000000261e-01
1.140615415573120117e+01 -8.287999999999999812e-01
1.144912004470825195e+01 -8.287999999999999812e-01
1.150611209869384766e+01 -8.287999999999999812e-01
1.154814410209655762e+01 -8.286000000000000032e-01
1.160511302947998047e+01 -8.286000000000000032e-01
1.164815092086791992e+01 -8.288999999999999702e-01
1.170506310462951660e+01 -8.285000000000000142e-01
1.174702811241149902e+01 -8.286999999999999922e-01
1.180416727066040039e+01 -8.286000000000000032e-01
1.184710597991943359e+01 -8.286999999999999922e-01
1.190410113334655762e+01 -8.284000000000000252e-01
1.194602894783020020e+01 -8.288999999999999702e-01
1.200299406051635742e+01 -8.280999999999999472e-01
1.204613709449768066e+01 -8.287999999999999812e-01
1.210298800468444824e+01 -8.284000000000000252e-01
1.214499711990356445e+01 -8.284000000000000252e-01
1.220197510719299316e+01 -8.280999999999999472e-01
1.224499130249023438e+01 -8.286000000000000032e-01
1.230198597908020020e+01 -8.286999999999999922e-01
1.235897803306579590e+01 -8.284000000000000252e-01
1.240193033218383789e+01 -8.286999999999999922e-01
1.245798325538635254e+01 -8.283000000000000362e-01
1.250092101097106934e+01 -8.286000000000000032e-01
1.255796122550964355e+01 -8.282000000000000473e-01
1.260091900825500488e+01 -8.286999999999999922e-01
1.265697908401489258e+01 -8.282000000000000473e-01
1.269990921020507812e+01 -8.284000000000000252e-01
1.275690412521362305e+01 -8.280999999999999472e-01
1.279891705513000488e+01 -8.285000000000000142e-01
1.285687804222106934e+01 -8.282000000000000473e-01
1.289889717102050781e+01 -8.284000000000000252e-01
1.295587301254272461e+01 -8.280999999999999472e-01
1.299892711639404297e+01 -8.286000000000000032e-01
1.305494332313537598e+01 -8.282000000000000473e-01
1.309788012504577637e+01 -8.283000000000000362e-01
1.315485715866088867e+01 -8.277999999999999803e-01
1.321184825897216797e+01 -8.279999999999999583e-01
1.325487613677978516e+01 -8.276000000000000023e-01
1.331082510948181152e+01 -8.280999999999999472e-01
1.335385203361511230e+01 -8.278999999999999693e-01
1.341080021858215332e+01 -8.278999999999999693e-01
1.345381712913513184e+01 -8.277999999999999803e-01
1.351083111763000488e+01 -8.278999999999999693e-01
1.355284595489501953e+01 -8.276000000000000023e-01
1.360982227325439453e+01 -8.282000000000000473e-01
1.365279197692871094e+01 -8.276000000000000023e-01
1.370980215072631836e+01 -8.277999999999999803e-01
1.375180792808532715e+01 -8.277999999999999803e-01
1.380879092216491699e+01 -8.278999999999999693e-01
1.385175704956054688e+01 -8.276999999999999913e-01
1.390882396697998047e+01 -8.276999999999999913e-01
1.395078229904174805e+01 -8.276999999999999913e-01
1.400778412818908691e+01 -8.275000000000000133e-01
1.405074715614318848e+01 -8.276999999999999913e-01
1.410781216621398926e+01 -8.274000000000000243e-01
1.416472315788269043e+01 -8.275000000000000133e-01
1.420673012733459473e+01 -8.272000000000000464e-01
1.426370501518249512e+01 -8.275000000000000133e-01
1.430671310424804688e+01 -8.272000000000000464e-01
1.436368298530578613e+01 -8.274000000000000243e-01
1.440574312210083008e+01 -8.270999999999999464e-01
1.446273827552795410e+01 -8.275000000000000133e-01
1.450569796562194824e+01 -8.267999999999999794e-01
1.456270098686218262e+01 -8.273000000000000353e-01
1.460566902160644531e+01 -8.267999999999999794e-01
1.466166806221008301e+01 -8.268999999999999684e-01
1.470466518402099609e+01 -8.264000000000000234e-01
1.476166224479675293e+01 -8.266000000000000014e-01
1.480466914176940918e+01 -8.264000000000000234e-01
1.486164712905883789e+01 -8.266999999999999904e-01
1.490367317199707031e+01 -8.265000000000000124e-01
1.496062517166137695e+01 -8.265000000000000124e-01
1.500362110137939453e+01 -8.265000000000000124e-01
1.506062316894531250e+01 -8.265000000000000124e-01
1.510260701179504395e+01 -8.268999999999999684e-01
1.515961909294128418e+01 -8.267999999999999794e-01
1.521661520004272461e+01 -8.269999999999999574e-01
1.525960206985473633e+01 -8.267999999999999794e-01
1.531659793853759766e+01 -8.276000000000000023e-01
1.535857415199279785e+01 -8.275000000000000133e-01
1.541556024551391602e+01 -8.276999999999999913e-01
1.545860290527343750e+01 -8.277999999999999803e-01
1.551558327674865723e+01 -8.280999999999999472e-01
1.555766701698303223e+01 -8.278999999999999693e-01
1.561462903022766113e+01 -8.282000000000000473e-01
1.565766906738281250e+01 -8.282000000000000473e-01
1.571456503868103027e+01 -8.286000000000000032e-01
1.575656223297119141e+01 -8.284000000000000252e-01
1.581365704536437988e+01 -8.289999999999999591e-01
1.585655593872070312e+01 -8.286999999999999922e-01
1.591366410255432129e+01 -8.286999999999999922e-01
1.595658898353576660e+01 -8.286999999999999922e-01
1.601267027854919434e+01 -8.290999999999999481e-01
1.605554509162902832e+01 -8.290999999999999481e-01
1.611251616477966309e+01 -8.290999999999999481e-01
1.615550112724304199e+01 -8.293000000000000371e-01
1.621149897575378418e+01 -8.296000000000000041e-01
1.625453305244445801e+01 -8.298999999999999710e-01
1.631150507926940918e+01 -8.300999999999999490e-01
1.635447216033935547e+01 -8.302000000000000490e-01
1.641150212287902832e+01 -8.305000000000000160e-01
1.646744799613952637e+01 -8.306999999999999940e-01
1.651046609878540039e+01 -8.309999999999999609e-01
1.656752204895019531e+01 -8.310999999999999499e-01
1.660944294929504395e+01 -8.312000000000000499e-01
1.666744589805603027e+01 -8.317999999999999838e-01
1.670941829681396484e+01 -8.320999999999999508e-01
1.676643705368041992e+01 -8.323000000000000398e-01
1.680943107604980469e+01 -8.319999999999999618e-01
1.686540317535400391e+01 -8.328999999999999737e-01
1.690840005874633789e+01 -8.328999999999999737e-01
1.696542406082153320e+01 -8.334000000000000297e-01
1.700838613510131836e+01 -8.330999999999999517e-01
1.706445002555847168e+01 -8.333000000000000407e-01
1.710737514495849609e+01 -8.334000000000000297e-01
1.716438388824462891e+01 -8.336000000000000076e-01
1.720738124847412109e+01 -8.336999999999999966e-01
1.726439499855041504e+01 -8.343000000000000416e-01
1.732037806510925293e+01 -8.337999999999999856e-01
1.736335110664367676e+01 -8.340999999999999526e-01
1.742038393020629883e+01 -8.336999999999999966e-01
1.746336913108825684e+01 -8.338999999999999746e-01
1.752036905288696289e+01 -8.340999999999999526e-01
1.756238722801208496e+01 -8.342000000000000526e-01
1.761932611465454102e+01 -8.342000000000000526e-01
1.766231417655944824e+01 -8.346000000000000085e-01
1.771931529045104980e+01 -8.342000000000000526e-01
1.776131510734558105e+01 -8.344000000000000306e-01
1.781829214096069336e+01 -8.343000000000000416e-01
1.786129617691040039e+01 -8.343000000000000416e-01
1.791826009750366211e+01 -8.343000000000000416e-01
1.796030402183532715e+01 -8.344000000000000306e-01
1.801737117767333984e+01 -8.342000000000000526e-01
1.806036019325256348e+01 -8.344000000000000306e-01
1.811730504035949707e+01 -8.346000000000000085e-01
1.817430400848388672e+01 -8.343000000000000416e-01
1.821627998352050781e+01 -8.346999999999999975e-01
1.827328300476074219e+01 -8.346000000000000085e-01
1.831622815132141113e+01 -8.347999999999999865e-01
1.837327194213867188e+01 -8.343000000000000416e-01
1.841623711585998535e+01 -8.346000000000000085e-01
1.847222018241882324e+01 -8.343000000000000416e-01
1.851520204544067383e+01 -8.347999999999999865e-01
1.857226204872131348e+01 -8.340999999999999526e-01
1.861525702476501465e+01 -8.346999999999999975e-01
1.867223310470581055e+01 -8.340999999999999526e-01
1.871422505378723145e+01 -8.346000000000000085e-01
1.877123308181762695e+01 -8.342000000000000526e-01
1.881418323516845703e+01 -8.346000000000000085e-01
1.887119913101196289e+01 -8.339999999999999636e-01
1.892715525627136230e+01 -8.344000000000000306e-01
1.897017216682434082e+01 -8.342000000000000526e-01
1.902716422080993652e+01 -8.338999999999999746e-01
1.907015609741210938e+01 -8.339999999999999636e-01
1.912715005874633789e+01 -8.343000000000000416e-01
1.916915607452392578e+01 -8.337999999999999856e-01
1.922614407539367676e+01 -8.342000000000000526e-01
1.926912212371826172e+01 -8.342000000000000526e-01
1.932612013816833496e+01 -8.344000000000000306e-01
1.936812520027160645e+01 -8.342000000000000526e-01
1.942511105537414551e+01 -8.342000000000000526e-01
1.946810102462768555e+01 -8.343000000000000416e-01
1.952511215209960938e+01 -8.339999999999999636e-01
1.956711125373840332e+01 -8.342000000000000526e-01
1.962408804893493652e+01 -8.337999999999999856e-01
1.966707134246826172e+01 -8.340999999999999526e-01
1.972421717643737793e+01 -8.339999999999999636e-01
1.976639199256896973e+01 -8.343000000000000416e-01
1.982333993911743164e+01 -8.340999999999999526e-01
1.986632919311523438e+01 -8.342000000000000526e-01
1.992339706420898438e+01 -8.338999999999999746e-01
1.996632814407348633e+01 -8.343000000000000416e-01
2.002239727973937988e+01 -8.340999999999999526e-01
2.006543707847595215e+01 -8.340999999999999526e-01
2.012242507934570312e+01 -8.338999999999999746e-01
2.017935419082641602e+01 -8.343000000000000416e-01
2.022237300872802734e+01 -8.338999999999999746e-01
2.027833414077758789e+01 -8.344000000000000306e-01
2.032132291793823242e+01 -8.340999999999999526e-01
2.037845706939697266e+01 -8.342000000000000526e-01
2.042127513885498047e+01 -8.338999999999999746e-01
2.047734808921813965e+01 -8.344000000000000306e-01
2.052035307884216309e+01 -8.342000000000000526e-01
2.057734608650207520e+01 -8.342000000000000526e-01
2.061933517456054688e+01 -8.340999999999999526e-01
2.067736124992370605e+01 -8.339999999999999636e-01
2.071917510032653809e+01 -8.338999999999999746e-01
2.077603721618652344e+01 -8.342000000000000526e-01
2.081909322738647461e+01 -8.343000000000000416e-01
2.087495493888854980e+01 -8.337999999999999856e-01
2.093299293518066406e+01 -8.343000000000000416e-01
2.097498798370361328e+01 -8.337999999999999856e-01
2.103203511238098145e+01 -8.342000000000000526e-01
2.107494497299194336e+01 -8.340999999999999526e-01
2.113198924064636230e+01 -8.346000000000000085e-01
2.117392110824584961e+01 -8.340999999999999526e-01
2.123096323013305664e+01 -8.346000000000000085e-01
2.127394914627075195e+01 -8.343000000000000416e-01
2.133087825775146484e+01 -8.348999999999999755e-01
2.137287807464599609e+01 -8.348999999999999755e-01
2.142989110946655273e+01 -8.352000000000000535e-01
2.147286391258239746e+01 -8.354000000000000314e-01
2.152996397018432617e+01 -8.357999999999999874e-01
2.157187199592590332e+01 -8.353000000000000425e-01
2.162885904312133789e+01 -8.358999999999999764e-01
2.167191600799560547e+01 -8.363000000000000433e-01
2.172897315025329590e+01 -8.364000000000000323e-01
2.178610920906066895e+01 -8.366999999999999993e-01
2.182795810699462891e+01 -8.367999999999999883e-01
2.188486218452453613e+01 -8.368999999999999773e-01
2.192784810066223145e+01 -8.375000000000000222e-01
2.198482108116149902e+01 -8.374000000000000332e-01
2.202790117263793945e+01 -8.376000000000000112e-01
2.208388018608093262e+01 -8.376000000000000112e-01
2.212689805030822754e+01 -8.374000000000000332e-01
2.218382000923156738e+01 -8.380999999999999561e-01
2.222584509849548340e+01 -8.377999999999999892e-01
2.228381109237670898e+01 -8.380999999999999561e-01
2.232582497596740723e+01 -8.379999999999999671e-01
2.238283419609069824e+01 -8.384000000000000341e-01
2.242583322525024414e+01 -8.381999999999999451e-01
2.248180699348449707e+01 -8.387999999999999901e-01
2.252482032775878906e+01 -8.387000000000000011e-01
2.258183312416076660e+01 -8.389999999999999680e-01
2.262483716011047363e+01 -8.396000000000000130e-01
2.268180227279663086e+01 -8.404000000000000359e-01
2.273772406578063965e+01 -8.406000000000000139e-01
2.278076410293579102e+01 -8.415000000000000258e-01
2.283775925636291504e+01 -8.417000000000000037e-01
2.288071918487548828e+01 -8.421999999999999487e-01
2.293670606613159180e+01 -8.427999999999999936e-01
2.297969818115234375e+01 -8.430999999999999606e-01
2.303675723075866699e+01 -8.436000000000000165e-01
2.307978010177612305e+01 -8.438999999999999835e-01
2.313671708106994629e+01 -8.437999999999999945e-01
2.317868804931640625e+01 -8.443000000000000504e-01
2.323569416999816895e+01 -8.443000000000000504e-01
2.327868008613586426e+01 -8.444000000000000394e-01
2.333566617965698242e+01 -8.445000000000000284e-01
2.337767434120178223e+01 -8.449999999999999734e-01
2.343469715118408203e+01 -8.454000000000000403e-01
2.349163699150085449e+01 -8.453000000000000513e-01
2.353469419479370117e+01 -8.455000000000000293e-01
2.359168004989624023e+01 -8.454000000000000403e-01
2.363364720344543457e+01 -8.460999999999999632e-01
2.369065690040588379e+01 -8.456000000000000183e-01
2.373362922668457031e+01 -8.458999999999999853e-01
2.379063701629638672e+01 -8.457000000000000073e-01
2.383262419700622559e+01 -8.460999999999999632e-01
2.388960003852844238e+01 -8.458999999999999853e-01
2.393258619308471680e+01 -8.461999999999999522e-01
2.398968124389648438e+01 -8.463000000000000522e-01
2.403169298171997070e+01 -8.466000000000000192e-01
2.408867120742797852e+01 -8.464000000000000412e-01
2.413162326812744141e+01 -8.470999999999999641e-01
2.418856811523437500e+01 -8.467000000000000082e-01
2.423159122467041016e+01 -8.471999999999999531e-01
2.428758215904235840e+01 -8.468999999999999861e-01
2.433056092262268066e+01 -8.478999999999999870e-01
2.438759803771972656e+01 -8.479999999999999760e-01
2.443055605888366699e+01 -8.487999999999999989e-01
2.448757123947143555e+01 -8.494000000000000439e-01
2.454355311393737793e+01 -8.496000000000000218e-01
2.458653521537780762e+01 -8.501999999999999558e-01
2.464353418350219727e+01 -8.504000000000000448e-01
2.468651318550109863e+01 -8.508000000000000007e-01
2.474251317977905273e+01 -8.510999999999999677e-01
2.478551220893859863e+01 -8.518000000000000016e-01
2.484248805046081543e+01 -8.516000000000000236e-01
2.488551115989685059e+01 -8.524000000000000465e-01
2.494247412681579590e+01 -8.520999999999999686e-01
2.498449707031250000e+01 -8.528000000000000025e-01
2.504151701927185059e+01 -8.528999999999999915e-01
2.508450603485107422e+01 -8.529999999999999805e-01
2.514149904251098633e+01 -8.532999999999999474e-01
2.518344426155090332e+01 -8.537000000000000144e-01
2.524044799804687500e+01 -8.539999999999999813e-01
2.528352713584899902e+01 -8.547000000000000153e-01
2.534043407440185547e+01 -8.548000000000000043e-01
2.538244605064392090e+01 -8.555000000000000382e-01
2.543942809104919434e+01 -8.551999999999999602e-01
2.549648618698120117e+01 -8.554000000000000492e-01
2.553946304321289062e+01 -8.555000000000000382e-01
2.559542012214660645e+01 -8.560999999999999721e-01
2.563842296600341797e+01 -8.559999999999999831e-01
2.569546318054199219e+01 -8.565000000000000391e-01
2.573842906951904297e+01 -8.567000000000000171e-01
2.579544496536254883e+01 -8.567000000000000171e-01
2.583843111991882324e+01 -8.572999999999999510e-01
2.589440727233886719e+01 -8.574000000000000510e-01
2.593741822242736816e+01 -8.575000000000000400e-01
2.599453997611999512e+01 -8.577000000000000179e-01
2.603640103340148926e+01 -8.578000000000000069e-01
2.609345102310180664e+01 -8.578000000000000069e-01
2.613636016845703125e+01 -8.584000000000000519e-01
2.619335603713989258e+01 -8.580999999999999739e-01
2.625038933753967285e+01 -8.580999999999999739e-01
2.629235410690307617e+01 -8.582999999999999519e-01
2.634932017326354980e+01 -8.588999999999999968e-01
2.639231300354003906e+01 -8.584000000000000519e-01
2.644932913780212402e+01 -8.589999999999999858e-01
2.649135708808898926e+01 -8.586000000000000298e-01
2.654838323593139648e+01 -8.589999999999999858e-01
2.659133911132812500e+01 -8.588000000000000078e-01
2.664833807945251465e+01 -8.591999999999999638e-01
2.669136095046997070e+01 -8.587000000000000188e-01
2.674727797508239746e+01 -8.589999999999999858e-01
2.679027009010314941e+01 -8.590999999999999748e-01
2.684726405143737793e+01 -8.594000000000000528e-01
2.689032602310180664e+01 -8.592999999999999527e-01
2.694625616073608398e+01 -8.590999999999999748e-01
2.698926711082458496e+01 -8.595000000000000417e-01
2.704631495475769043e+01 -8.598000000000000087e-01
2.708928513526916504e+01 -8.594000000000000528e-01
2.714625501632690430e+01 -8.597000000000000197e-01
2.718826413154602051e+01 -8.597000000000000197e-01
2.724522519111633301e+01 -8.597000000000000197e-01
2.730223822593688965e+01 -8.596000000000000307e-01
2.734521102905273438e+01 -8.595000000000000417e-01
2.740219807624816895e+01 -8.597000000000000197e-01
2.744423508644104004e+01 -8.592999999999999527e-01
2.750122427940368652e+01 -8.597000000000000197e-01
2.754423594474792480e+01 -8.592999999999999527e-01
2.760119605064392090e+01 -8.595000000000000417e-01
2.764320707321166992e+01 -8.595000000000000417e-01
2.770018124580383301e+01 -8.597000000000000197e-01
2.774319911003112793e+01 -8.596000000000000307e-01
2.780016303062438965e+01 -8.598000000000000087e-01
2.784217000007629395e+01 -8.596000000000000307e-01
2.789917993545532227e+01 -8.598999999999999977e-01
2.794215488433837891e+01 -8.595000000000000417e-01
2.799923205375671387e+01 -8.599999999999999867e-01
2.804216814041137695e+01 -8.594000000000000528e-01
2.809814333915710449e+01 -8.601999999999999647e-01
2.814114308357238770e+01 -8.592999999999999527e-01
2.819814920425415039e+01 -8.597000000000000197e-01
2.824111723899841309e+01 -8.591999999999999638e-01
2.829716300964355469e+01 -8.598999999999999977e-01
2.834012222290039062e+01 -8.592999999999999527e-01
2.839710712432861328e+01 -8.595000000000000417e-01
2.844009327888488770e+01 -8.595000000000000417e-01
2.849710607528686523e+01 -8.600999999999999757e-01
2.855317401885986328e+01 -8.598000000000000087e-01
2.859609222412109375e+01 -8.598000000000000087e-01
2.865310406684875488e+01 -8.592999999999999527e-01
2.869607019424438477e+01 -8.595000000000000417e-01
2.875310921669006348e+01 -8.596000000000000307e-01
2.879520201683044434e+01 -8.595000000000000417e-01
2.885218024253845215e+01 -8.597000000000000197e-01
2.889508128166198730e+01 -8.598000000000000087e-01
2.895208120346069336e+01 -8.597000000000000197e-01
2.899406218528747559e+01 -8.595000000000000417e-01
2.905108499526977539e+01 -8.598000000000000087e-01
2.909404993057250977e+01 -8.596000000000000307e-01
2.915103721618652344e+01 -8.597000000000000197e-01
2.919304609298706055e+01 -8.597000000000000197e-01
2.925001001358032227e+01 -8.601999999999999647e-01
2.929299712181091309e+01 -8.598000000000000087e-01
2.935002112388610840e+01 -8.601999999999999647e-01
2.939197826385498047e+01 -8.598000000000000087e-01
2.944898915290832520e+01 -8.601999999999999647e-01
2.949199604988098145e+01 -8.598000000000000087e-01
2.954903006553649902e+01 -8.598999999999999977e-01
2.960599112510681152e+01 -8.594000000000000528e-01
2.964797425270080566e+01 -8.598999999999999977e-01
2.970508217811584473e+01 -8.594000000000000528e-01
2.974818134307861328e+01 -8.595000000000000417e-01
2.980522894859313965e+01 -8.594000000000000528e-01
2.984725213050842285e+01 -8.595000000000000417e-01
2.990423917770385742e+01 -8.597000000000000197e-01
2.994715905189514160e+01 -8.595000000000000417e-01
