./Data/BW2025-02-07_15:58:23blackbody_nonitogen.txt
Duration (in s): 30
Calibrating: True
Temperature of the calibrator (in Celsius): 2
Azimuth angle from North: nan
Altitude angle from the horizon: 0.0
Temperature Outside (in Celsius): 2
Weather: nan
Units: Volts

Time (s), Voltage (V)
5.602836608886719e-05,-0.9357
0.05214715003967285,-0.9363
0.09412121772766113,-0.9359
0.15114426612854004,-0.9365
0.19417905807495117,-0.9361
0.2513389587402344,-0.936
0.29424190521240234,-0.9361
0.35004305839538574,-0.936
0.3929870128631592,-0.9361
0.44994401931762695,-0.9361
0.49216294288635254,-0.9361
0.5492079257965088,-0.9362
0.5921151638031006,-0.9363
0.6490910053253174,-0.9363
0.6920959949493408,-0.9361
0.7481100559234619,-0.9359
0.7911150455474854,-0.9363
0.8480849266052246,-0.9362
0.8910529613494873,-0.9363
0.9481520652770996,-0.9363
0.9899511337280273,-0.9363
1.046947956085205,-0.9362
1.0899081230163574,-0.9362
1.1470119953155518,-0.9358
1.2030491828918457,-0.9361
1.2461321353912354,-0.9359
1.303002119064331,-0.9361
1.3459198474884033,-0.9361
1.4028830528259277,-0.9361
1.445889949798584,-0.9359
1.501857042312622,-0.936
1.5448720455169678,-0.936
1.6019060611724854,-0.9364
1.643846035003662,-0.9359
1.7008280754089355,-0.9362
1.7438220977783203,-0.9363
1.8008830547332764,-0.9362
1.84281325340271,-0.936
1.8998079299926758,-0.9361
1.9427931308746338,-0.9359
1.9998550415039062,-0.9359
2.0427989959716797,-0.9361
2.098788022994995,-0.9354
2.1558330059051514,-0.9365
2.198789119720459,-0.9359
2.2558481693267822,-0.936
2.2987990379333496,-0.9359
2.3547282218933105,-0.936
2.3978521823883057,-0.9361
2.4547839164733887,-0.936
2.497831106185913,-0.9358
2.5537772178649902,-0.9362
2.596745252609253,-0.9359
2.6537609100341797,-0.9359
2.6967551708221436,-0.9363
2.7537291049957275,-0.9363
2.795718193054199,-0.9358
2.8527281284332275,-0.9365
2.8957018852233887,-0.9357
2.9527149200439453,-0.9362
3.009705066680908,-0.9358
3.0516929626464844,-0.9361
3.1086840629577637,-0.9361
3.15167498588562,-0.9358
3.208660125732422,-0.9357
3.250779151916504,-0.9363
3.3076682090759277,-0.9358
3.3509340286254883,-0.9355
3.407712936401367,-0.936
3.4497010707855225,-0.9359
3.5066380500793457,-0.9362
3.549659013748169,-0.936
3.606675148010254,-0.936
3.6486551761627197,-0.9358
3.7056312561035156,-0.9362
3.7486491203308105,-0.936
3.805669069290161,-0.9364
3.8626232147216797,-0.9359
3.90460205078125,-0.936
3.9615960121154785,-0.9357
4.004584074020386,-0.9361
4.061596155166626,-0.9361
4.104574203491211,-0.9362
4.160583019256592,-0.9357
4.203590154647827,-0.9358
4.260586977005005,-0.9358
4.302571058273315,-0.9361
4.3605570793151855,-0.9359
4.402543067932129,-0.9358
4.459555149078369,-0.9358
4.502569913864136,-0.9359
4.558547258377075,-0.9358
4.601522207260132,-0.936
4.658565998077393,-0.9357
4.701724052429199,-0.9363
4.75860595703125,-0.9362
4.814547061920166,-0.936
4.857535123825073,-0.9363
4.914516925811768,-0.9358
4.957513093948364,-0.9359
5.013481140136719,-0.9356
5.0564820766448975,-0.9363
5.113473892211914,-0.936
5.156476020812988,-0.9359
5.2134690284729,-0.9362
5.255505084991455,-0.9359
5.312460899353027,-0.936
5.35546612739563,-0.9357
5.412445068359375,-0.9355
5.454452991485596,-0.9364
5.511444091796875,-0.9359
5.55443811416626,-0.9359
5.611424922943115,-0.9358
5.653439998626709,-0.9361
5.710437059402466,-0.9361
5.7674641609191895,-0.9362
5.810436964035034,-0.9362
5.867432117462158,-0.9364
5.909440040588379,-0.9358
5.9665021896362305,-0.9355
6.0094499588012695,-0.9357
6.066447019577026,-0.9361
6.108486175537109,-0.936
6.165487051010132,-0.936
6.208431005477905,-0.9358
6.2654900550842285,-0.936
6.308436155319214,-0.9361
6.36436915397644,-0.9358
6.407341957092285,-0.9363
6.464354991912842,-0.9361
6.507348299026489,-0.9361
6.564332008361816,-0.9358
6.606311082839966,-0.9361
6.663326263427734,-0.9356
6.720321893692017,-0.9361
6.763354063034058,-0.9361
6.819307088851929,-0.936
6.862304925918579,-0.936
6.919317960739136,-0.9366
6.962298154830933,-0.936
7.019288063049316,-0.9363
7.061290979385376,-0.9363
7.118304014205933,-0.9362
7.161266088485718,-0.9362
7.2182629108428955,-0.936
7.26029109954834,-0.9361
7.317277193069458,-0.9362
7.360246896743774,-0.9362
7.417263031005859,-0.9362
7.474279165267944,-0.9361
7.516244888305664,-0.936
7.573253154754639,-0.9364
7.6162190437316895,-0.9359
7.673232078552246,-0.9364
7.715213060379028,-0.9361
7.772233247756958,-0.9361
7.815201044082642,-0.9362
7.87220025062561,-0.9363
7.915184020996094,-0.936
7.971198081970215,-0.9362
8.014209032058716,-0.9362
8.07118010520935,-0.9362
8.113200187683105,-0.9359
8.170156002044678,-0.9359
8.227163076400757,-0.9359
8.270225048065186,-0.9362
8.327177286148071,-0.9363
8.369152069091797,-0.9364
8.426143884658813,-0.936
8.469147205352783,-0.9359
8.52614712715149,-0.9365
8.568148136138916,-0.9361
8.625140905380249,-0.9362
8.668114185333252,-0.936
8.725273132324219,-0.9361
8.768198013305664,-0.9366
8.824152946472168,-0.9363
8.867112159729004,-0.9362
8.924106121063232,-0.9362
8.967079162597656,-0.936
9.023138999938965,-0.9363
9.081063032150269,-0.9361
9.123095035552979,-0.9361
9.180056095123291,-0.9358
9.223067045211792,-0.9362
9.279278993606567,-0.9359
9.322242975234985,-0.9362
9.379426002502441,-0.9363
9.422271966934204,-0.9363
9.479418992996216,-0.9362
9.521469116210938,-0.9366
9.5784010887146,-0.9361
9.621417999267578,-0.9364
9.678365230560303,-0.9363
9.721337080001831,-0.9361
9.777416229248047,-0.9364
9.820359230041504,-0.9363
9.877377033233643,-0.9363
9.934362173080444,-0.9367
9.977258920669556,-0.9364
10.033366918563843,-0.9365
10.076274156570435,-0.9365
10.133347034454346,-0.9363
10.175249099731445,-0.9366
10.232343912124634,-0.936
10.275237083435059,-0.9364
10.33208703994751,-0.9364
10.373950242996216,-0.9368
10.430938005447388,-0.9363
10.474009037017822,-0.9366
10.531023025512695,-0.936
10.573952913284302,-0.9367
10.629972219467163,-0.9362
10.686924934387207,-0.9365
10.729905128479004,-0.9365
10.786964893341064,-0.9366
10.829904079437256,-0.9363
10.885885238647461,-0.9363
10.928883075714111,-0.9364
10.985895156860352,-0.9363
11.028874158859253,-0.9366
11.084870100021362,-0.9366
11.127883911132812,-0.9365
11.184900999069214,-0.9365
11.22788119316101,-0.9361
11.284882068634033,-0.9363
11.326998949050903,-0.9365
11.383956909179688,-0.9364
11.426881074905396,-0.9363
11.483858108520508,-0.9365
11.54082703590393,-0.9365
11.582881927490234,-0.9361
11.639847040176392,-0.9368
11.682821035385132,-0.9357
11.739801168441772,-0.9364
11.78185510635376,-0.9364
11.838802099227905,-0.9365
11.881789207458496,-0.9362
11.93879222869873,-0.9365
11.980822086334229,-0.9362
12.03778600692749,-0.9365
12.080766201019287,-0.9364
12.13776707649231,-0.9369
12.180783987045288,-0.9362
12.23678207397461,-0.9366
12.279778003692627,-0.9363
12.336740970611572,-0.9366
12.379770994186401,-0.9365
12.435758113861084,-0.9364
12.478748083114624,-0.9365
12.535752058029175,-0.9367
12.577725172042847,-0.9366
12.63571310043335,-0.9365
12.691717147827148,-0.9364
12.734703063964844,-0.9362
12.791796207427979,-0.9366
12.83371114730835,-0.9362
12.891690015792847,-0.9368
12.933685064315796,-0.9364
12.99068307876587,-0.9367
13.033668041229248,-0.9367
13.089704036712646,-0.9367
13.132670164108276,-0.9364
13.189672231674194,-0.9366
13.232657194137573,-0.9361
13.288693904876709,-0.9364
13.331639051437378,-0.9365
13.38872504234314,-0.9366
13.445931911468506,-0.9364
13.488763093948364,-0.9364
13.544660091400146,-0.9364
13.587677240371704,-0.9364
13.644634008407593,-0.9363
13.687668085098267,-0.9367
13.744611978530884,-0.9362
13.78665804862976,-0.9366
13.843621015548706,-0.9364
13.886602878570557,-0.9363
13.943602085113525,-0.9363
13.985588073730469,-0.9359
14.04263424873352,-0.9363
14.085581064224243,-0.9365
14.142579078674316,-0.9366
14.185570001602173,-0.9362
14.2415771484375,-0.9365
14.284589052200317,-0.9361
14.341539144515991,-0.9364
14.398571014404297,-0.9364
14.441556930541992,-0.9367
14.49755311012268,-0.9363
14.540523052215576,-0.9365
14.59754204750061,-0.9361
14.63952922821045,-0.9364
14.696560144424438,-0.9361
14.73950719833374,-0.9364
14.796549081802368,-0.9361
14.839505195617676,-0.9365
14.89549708366394,-0.936
14.938509941101074,-0.9363
14.995497226715088,-0.9363
15.038482189178467,-0.9363
15.095499038696289,-0.9363
15.137484073638916,-0.9367
15.194460153579712,-0.9366
15.237468004226685,-0.9367
15.294599056243896,-0.9366
15.350486040115356,-0.9366
15.393435001373291,-0.9369
15.450520038604736,-0.9362
15.493497133255005,-0.9363
15.550457000732422,-0.9369
15.592499256134033,-0.9371
15.649445056915283,-0.9365
15.692403078079224,-0.937
15.749433040618896,-0.9366
15.791422128677368,-0.9367
15.848413228988647,-0.9365
15.89139699935913,-0.9366
15.948431015014648,-0.9366
16.005388021469116,-0.9368
16.047374963760376,-0.9365
16.104382276535034,-0.9369
16.147352933883667,-0.9366
16.204351902008057,-0.9368
16.246406078338623,-0.9367
16.303388118743896,-0.9366
16.34635901451111,-0.937
16.403342962265015,-0.9368
16.446360111236572,-0.9365
16.50240206718445,-0.9369
16.54532289505005,-0.937
16.602484226226807,-0.9368
16.644351959228516,-0.9372
16.701335906982422,-0.9365
16.758342027664185,-0.9369
16.801326036453247,-0.937
16.858344078063965,-0.937
16.901313066482544,-0.9368
16.957311868667603,-0.9372
17.000306129455566,-0.9367
17.05733609199524,-0.937
17.09937810897827,-0.937
17.157320261001587,-0.937
17.19932794570923,-0.9368
17.256354093551636,-0.9372
17.299333095550537,-0.9368
17.355305194854736,-0.9367
17.39825415611267,-0.9369
17.455249071121216,-0.937
17.49832320213318,-0.9366
17.554219961166382,-0.9368
17.61220908164978,-0.9369
17.65421414375305,-0.9369
17.711256980895996,-0.9366
17.754228115081787,-0.9369
17.81019687652588,-0.9367
17.853191137313843,-0.9366
17.910216093063354,-0.9369
17.9531729221344,-0.937
18.010186910629272,-0.9369
18.052175998687744,-0.9367
18.109183311462402,-0.9368
18.152167081832886,-0.9368
18.209171056747437,-0.9372
18.252174139022827,-0.9369
18.30817198753357,-0.9371
18.365138053894043,-0.9367
18.40813422203064,-0.9372
18.46516489982605,-0.9368
18.50812792778015,-0.9367
18.56412100791931,-0.9365
18.60711693763733,-0.9369
18.664116144180298,-0.9367
18.706103086471558,-0.9365
18.763163089752197,-0.9365
18.80610704421997,-0.9369
18.863094091415405,-0.9367
18.905077934265137,-0.937
18.96209406852722,-0.9368
19.005069971084595,-0.9367
19.06207299232483,-0.9366
19.105077981948853,-0.9365
19.16108012199402,-0.937
19.218058109283447,-0.9367
19.261098861694336,-0.9368
19.318186044692993,-0.9366
19.36135697364807,-0.937
19.41745090484619,-0.9365
19.4601571559906,-0.9367
19.517333030700684,-0.9367
19.56027626991272,-0.9373
19.61631202697754,-0.9365
19.65925407409668,-0.9369
19.716410160064697,-0.9366
19.759275913238525,-0.9368
19.816357135772705,-0.9366
19.85828185081482,-0.9369
19.915342092514038,-0.9367
19.958259105682373,-0.9368
20.015328884124756,-0.9371
20.07229208946228,-0.9369
20.11422824859619,-0.937
20.171314239501953,-0.9368
20.214195251464844,-0.9369
20.271305084228516,-0.9369
20.313202142715454,-0.937
20.370081901550293,-0.9367
20.412944078445435,-0.937
20.469940185546875,-0.9369
20.512015104293823,-0.937
20.56897211074829,-0.9372
20.611937046051025,-0.9373
20.668916940689087,-0.9367
20.7119300365448,-0.9371
20.767940044403076,-0.9369
20.82510995864868,-0.937
20.868088960647583,-0.9369
20.925072193145752,-0.937
20.967048168182373,-0.9368
21.024033069610596,-0.9369
21.067018270492554,-0.9367
21.124063968658447,-0.9371
21.167017221450806,-0.9372
21.22301411628723,-0.9372
21.26595187187195,-0.9367
21.323047161102295,-0.9371
21.366004943847656,-0.9372
21.422986268997192,-0.937
21.464980125427246,-0.937
21.522003173828125,-0.9372
21.565019130706787,-0.9369
21.622034072875977,-0.9367
21.663851022720337,-0.9371
21.720916986465454,-0.9372
21.76387310028076,-0.9371
21.81979203224182,-0.9366
21.862786054611206,-0.937
21.91984510421753,-0.9366
21.962774991989136,-0.9369
22.019761085510254,-0.9369
22.076759099960327,-0.9367
22.118746042251587,-0.9369
22.175804138183594,-0.9368
22.218757152557373,-0.9367
22.275779962539673,-0.9369
22.317732095718384,-0.9369
22.374764919281006,-0.9372
22.41773009300232,-0.9367
22.474730014801025,-0.9372
22.51671314239502,-0.9372
22.573737144470215,-0.9371
22.616701126098633,-0.9369
22.673696994781494,-0.9368
22.715708017349243,-0.9368
22.77281928062439,-0.9373
22.81569194793701,-0.9369
22.87272810935974,-0.937
22.92972421646118,-0.9369
22.971701860427856,-0.9368
23.028680086135864,-0.9369
23.071657180786133,-0.9365
23.1286461353302,-0.9366
23.17070508003235,-0.9368
23.22763419151306,-0.9371
23.27066993713379,-0.9368
23.327635049819946,-0.9369
23.370662212371826,-0.9364
23.42674493789673,-0.937
23.46967315673828,-0.9368
23.52662205696106,-0.9369
23.569653034210205,-0.9366
23.626610040664673,-0.9369
23.668626070022583,-0.9368
23.72560405731201,-0.937
23.76866102218628,-0.9369
23.82565712928772,-0.937
23.88162088394165,-0.9368
23.92457914352417,-0.9368
23.98159909248352,-0.9366
24.024572134017944,-0.9367
24.081576108932495,-0.9367
24.12355399131775,-0.9369
24.180553197860718,-0.9371
24.223544120788574,-0.9371
24.2806179523468,-0.9367
24.322551012039185,-0.9367
24.37955403327942,-0.9366
24.42254090309143,-0.9367
24.47954821586609,-0.9369
24.52152419090271,-0.9367
24.578509092330933,-0.9368
24.62154507637024,-0.9366
24.67849898338318,-0.937
24.721522092819214,-0.9371
24.777567148208618,-0.9374
24.83452010154724,-0.9366
24.87749695777893,-0.9372
24.934487104415894,-0.9367
24.977482318878174,-0.9371
25.033504009246826,-0.9367
25.076475143432617,-0.9366
25.133445024490356,-0.9367
25.176447868347168,-0.9369
25.23243808746338,-0.9369
25.275482177734375,-0.9369
25.332447290420532,-0.9364
25.375519275665283,-0.937
25.43245005607605,-0.9365
25.47441291809082,-0.9371
25.531577110290527,-0.9367
25.57444715499878,-0.9369
25.631453037261963,-0.937
25.68842101097107,-0.9369
25.730395078659058,-0.937
25.787540197372437,-0.9371
25.830413103103638,-0.9366
25.887386083602905,-0.937
25.92938995361328,-0.9373
25.98644709587097,-0.9371
26.029383182525635,-0.9369
26.08541202545166,-0.9367
26.12840700149536,-0.9368
26.18535590171814,-0.9365
26.22836208343506,-0.937
26.28537106513977,-0.9369
26.32732892036438,-0.9368
26.384327173233032,-0.9368
26.42735195159912,-0.937
26.484325170516968,-0.9365
26.527305126190186,-0.937
26.583312034606934,-0.9367
26.626344203948975,-0.9365
26.683319091796875,-0.9367
26.7253201007843,-0.9368
26.783536195755005,-0.937
26.839416027069092,-0.9369
26.8822979927063,-0.9366
26.939303159713745,-0.9369
26.9812970161438,-0.9368
27.039275884628296,-0.9368
27.08131194114685,-0.937
27.138281106948853,-0.9367
27.181293964385986,-0.937
27.23727297782898,-0.9369
27.280259132385254,-0.937
27.337247133255005,-0.9367
27.380223989486694,-0.9367
27.43625521659851,-0.9366
27.493213176727295,-0.937
27.53624415397644,-0.9362
27.59320592880249,-0.9371
27.63623595237732,-0.9364
27.69218921661377,-0.937
27.73519515991211,-0.9368
27.7922101020813,-0.9368
27.835206031799316,-0.9368
27.892189264297485,-0.9369
27.934207916259766,-0.9368
27.991199254989624,-0.9369
28.03419303894043,-0.9364
28.091188192367554,-0.9369
28.133225917816162,-0.9366
28.19019627571106,-0.9367
28.23319101333618,-0.9368
28.290226221084595,-0.9366
28.332185983657837,-0.9366
28.389191150665283,-0.9367
28.432214975357056,-0.9367
28.489192247390747,-0.9366
28.546112060546875,-0.9367
28.58815097808838,-0.9367
28.645241022109985,-0.9369
28.688115119934082,-0.9366
28.745198965072632,-0.9368
28.787127017974854,-0.9368
28.844126224517822,-0.9367
28.8870849609375,-0.9365
28.944059133529663,-0.9369
28.987051010131836,-0.9368
29.0432071685791,-0.9367
29.086096048355103,-0.9364
29.143067121505737,-0.9368
29.1860511302948,-0.9365
29.2430682182312,-0.9368
29.28518319129944,-0.9366
29.342357873916626,-0.9365
29.38517117500305,-0.9365
29.442371129989624,-0.9367
29.498371124267578,-0.9368
29.54132604598999,-0.9363
29.59843111038208,-0.9367
29.641324043273926,-0.9364
29.698309183120728,-0.9368
29.740365982055664,-0.9367
29.79729700088501,-0.9365
29.840314149856567,-0.9363
29.897336959838867,-0.9366
29.93928813934326,-0.9364
29.996415853500366,-0.9366
