# ./Data/BW2025-02-07_16:23:39calibration2
# Duration (in s): 30
# Pointing Position of the Horn: Sky
# Angle pointing (from horizontal perpendicular to supporting axis): 48.70
# Angle pointing (from horizontal parallel to supporting axis): 0
# Calibrator used: NO
# Temperature Outside (in celcius): 25.4
# Temperature of the calibrator (in celcius): Low
# Weather: very clear
# Units: Volts
3.695487976074218750e-05 -5.276999999999999469e-01
3.990197181701660156e-02 -5.276999999999999469e-01
9.693026542663574219e-02 -5.279000000000000359e-01
1.390411853790283203e-01 -5.275999999999999579e-01
1.960389614105224609e-01 -5.278000000000000469e-01
2.389299869537353516e-01 -5.275999999999999579e-01
2.958202362060546875e-01 -5.275999999999999579e-01
3.378670215606689453e-01 -5.279000000000000359e-01
3.948109149932861328e-01 -5.276999999999999469e-01
4.378261566162109375e-01 -5.275999999999999579e-01
4.947741031646728516e-01 -5.274999999999999689e-01
5.368630886077880859e-01 -5.274999999999999689e-01
5.937712192535400391e-01 -5.274999999999999689e-01
6.508440971374511719e-01 -5.278000000000000469e-01
6.937770843505859375e-01 -5.272999999999999909e-01
7.507772445678710938e-01 -5.275999999999999579e-01
7.927780151367187500e-01 -5.272999999999999909e-01
8.498461246490478516e-01 -5.276999999999999469e-01
8.927791118621826172e-01 -5.273999999999999799e-01
9.497611522674560547e-01 -5.274999999999999689e-01
9.927880764007568359e-01 -5.272000000000000020e-01
1.048777103424072266e+00 -5.274999999999999689e-01
1.091728925704956055e+00 -5.272000000000000020e-01
1.148812055587768555e+00 -5.274999999999999689e-01
1.191920995712280273e+00 -5.272000000000000020e-01
1.247854232788085938e+00 -5.274999999999999689e-01
1.290787220001220703e+00 -5.272000000000000020e-01
1.347817182540893555e+00 -5.273999999999999799e-01
1.390779972076416016e+00 -5.272999999999999909e-01
1.446787118911743164e+00 -5.275999999999999579e-01
1.489809989929199219e+00 -5.274999999999999689e-01
1.546766996383666992e+00 -5.274999999999999689e-01
1.603750944137573242e+00 -5.273999999999999799e-01
1.646746873855590820e+00 -5.274999999999999689e-01
1.702739000320434570e+00 -5.278000000000000469e-01
1.745752096176147461e+00 -5.274999999999999689e-01
1.802757024765014648e+00 -5.273999999999999799e-01
1.845724105834960938e+00 -5.274999999999999689e-01
1.902680158615112305e+00 -5.276999999999999469e-01
1.944718122482299805e+00 -5.275999999999999579e-01
2.001677274703979492e+00 -5.278000000000000469e-01
2.044705152511596680e+00 -5.274999999999999689e-01
2.101659059524536133e+00 -5.278000000000000469e-01
2.143666028976440430e+00 -5.274999999999999689e-01
2.200647115707397461e+00 -5.278000000000000469e-01
2.243685007095336914e+00 -5.273999999999999799e-01
2.300616979598999023e+00 -5.276999999999999469e-01
2.357716083526611328e+00 -5.271000000000000130e-01
2.399670124053955078e+00 -5.275999999999999579e-01
2.456690073013305664e+00 -5.272000000000000020e-01
2.499620914459228516e+00 -5.274999999999999689e-01
2.556696176528930664e+00 -5.272999999999999909e-01
2.598664999008178711e+00 -5.274999999999999689e-01
2.655614137649536133e+00 -5.273999999999999799e-01
2.698594093322753906e+00 -5.272999999999999909e-01
2.755604982376098633e+00 -5.271000000000000130e-01
2.797656059265136719e+00 -5.272999999999999909e-01
2.854651927947998047e+00 -5.272000000000000020e-01
2.897665023803710938e+00 -5.272000000000000020e-01
2.954632997512817383e+00 -5.272999999999999909e-01
2.997646093368530273e+00 -5.272999999999999909e-01
3.053617954254150391e+00 -5.272999999999999909e-01
3.096612930297851562e+00 -5.272000000000000020e-01
3.153600215911865234e+00 -5.269000000000000350e-01
3.196614980697631836e+00 -5.272000000000000020e-01
3.252625942230224609e+00 -5.270000000000000240e-01
3.295599937438964844e+00 -5.269000000000000350e-01
3.352612972259521484e+00 -5.271000000000000130e-01
3.395612001419067383e+00 -5.270000000000000240e-01
3.452603101730346680e+00 -5.272000000000000020e-01
3.508618116378784180e+00 -5.270000000000000240e-01
3.551585197448730469e+00 -5.272000000000000020e-01
3.608616113662719727e+00 -5.269000000000000350e-01
3.651590108871459961e+00 -5.272999999999999909e-01
3.708601951599121094e+00 -5.270000000000000240e-01
3.750581026077270508e+00 -5.272999999999999909e-01
3.807605028152465820e+00 -5.269000000000000350e-01
3.850627183914184570e+00 -5.270000000000000240e-01
3.907598257064819336e+00 -5.266999999999999460e-01
3.949585914611816406e+00 -5.272000000000000020e-01
4.006555080413818359e+00 -5.268000000000000460e-01
4.049518108367919922e+00 -5.272000000000000020e-01
4.106544017791748047e+00 -5.268000000000000460e-01
4.148515224456787109e+00 -5.270000000000000240e-01
4.205496072769165039e+00 -5.266999999999999460e-01
4.248594999313354492e+00 -5.269000000000000350e-01
4.305442094802856445e+00 -5.268000000000000460e-01
4.362506151199340820e+00 -5.271000000000000130e-01
4.404496908187866211e+00 -5.269000000000000350e-01
4.461484193801879883e+00 -5.265999999999999570e-01
4.504484176635742188e+00 -5.269000000000000350e-01
4.561477899551391602e+00 -5.265999999999999570e-01
4.603479146957397461e+00 -5.265999999999999570e-01
4.660474061965942383e+00 -5.270000000000000240e-01
4.703452110290527344e+00 -5.270000000000000240e-01
4.760446071624755859e+00 -5.271000000000000130e-01
4.802476167678833008e+00 -5.271000000000000130e-01
4.859441041946411133e+00 -5.270000000000000240e-01
4.902435064315795898e+00 -5.270000000000000240e-01
4.959434032440185547e+00 -5.268000000000000460e-01
5.002456188201904297e+00 -5.271000000000000130e-01
5.058435916900634766e+00 -5.269000000000000350e-01
5.101431131362915039e+00 -5.272999999999999909e-01
5.158414840698242188e+00 -5.270000000000000240e-01
5.215415239334106445e+00 -5.270000000000000240e-01
5.257395029067993164e+00 -5.270000000000000240e-01
5.314388036727905273e+00 -5.272000000000000020e-01
5.357399225234985352e+00 -5.270000000000000240e-01
5.414409160614013672e+00 -5.272000000000000020e-01
5.456385135650634766e+00 -5.272000000000000020e-01
5.513392925262451172e+00 -5.273999999999999799e-01
5.556365251541137695e+00 -5.272000000000000020e-01
5.613384962081909180e+00 -5.272999999999999909e-01
5.656353235244750977e+00 -5.270000000000000240e-01
5.712365150451660156e+00 -5.271000000000000130e-01
5.755345106124877930e+00 -5.271000000000000130e-01
5.812374114990234375e+00 -5.272000000000000020e-01
5.855359077453613281e+00 -5.271000000000000130e-01
5.912363052368164062e+00 -5.271000000000000130e-01
5.954323053359985352e+00 -5.272999999999999909e-01
6.011363267898559570e+00 -5.272000000000000020e-01
6.054264068603515625e+00 -5.272999999999999909e-01
6.111308097839355469e+00 -5.270000000000000240e-01
6.167248010635375977e+00 -5.272000000000000020e-01
6.210267066955566406e+00 -5.272000000000000020e-01
6.267218112945556641e+00 -5.271000000000000130e-01
6.310305118560791016e+00 -5.269000000000000350e-01
6.367248058319091797e+00 -5.272999999999999909e-01
6.409208059310913086e+00 -5.270000000000000240e-01
6.466254234313964844e+00 -5.272999999999999909e-01
6.509215116500854492e+00 -5.269000000000000350e-01
6.566226959228515625e+00 -5.270000000000000240e-01
6.608176946640014648e+00 -5.270000000000000240e-01
6.665195226669311523e+00 -5.272999999999999909e-01
6.708182096481323242e+00 -5.268000000000000460e-01
6.765171051025390625e+00 -5.270000000000000240e-01
6.822223901748657227e+00 -5.270000000000000240e-01
6.864208936691284180e+00 -5.269000000000000350e-01
6.921221971511840820e+00 -5.269000000000000350e-01
6.964160203933715820e+00 -5.268000000000000460e-01
7.021209955215454102e+00 -5.270000000000000240e-01
7.063156127929687500e+00 -5.268000000000000460e-01
7.120238304138183594e+00 -5.268000000000000460e-01
7.163160085678100586e+00 -5.268000000000000460e-01
7.220209121704101562e+00 -5.266999999999999460e-01
7.263170242309570312e+00 -5.268000000000000460e-01
7.319171905517578125e+00 -5.268000000000000460e-01
7.362158298492431641e+00 -5.266999999999999460e-01
7.419167995452880859e+00 -5.268000000000000460e-01
7.462156057357788086e+00 -5.265999999999999570e-01
7.518156051635742188e+00 -5.265999999999999570e-01
7.575164079666137695e+00 -5.263999999999999790e-01
7.618146181106567383e+00 -5.265999999999999570e-01
7.675153017044067383e+00 -5.263999999999999790e-01
7.718136072158813477e+00 -5.269000000000000350e-01
7.774085998535156250e+00 -5.263999999999999790e-01
7.817150115966796875e+00 -5.265999999999999570e-01
7.874119043350219727e+00 -5.263999999999999790e-01
7.917076110839843750e+00 -5.264999999999999680e-01
7.974093198776245117e+00 -5.262000000000000011e-01
8.016068935394287109e+00 -5.263999999999999790e-01
8.073127985000610352e+00 -5.264999999999999680e-01
8.116050004959106445e+00 -5.264999999999999680e-01
8.173094987869262695e+00 -5.265999999999999570e-01
8.229049205780029297e+00 -5.268000000000000460e-01
8.272079944610595703e+00 -5.265999999999999570e-01
8.329089164733886719e+00 -5.265999999999999570e-01
8.372065067291259766e+00 -5.268000000000000460e-01
8.429036140441894531e+00 -5.269000000000000350e-01
8.471060037612915039e+00 -5.268000000000000460e-01
8.528046131134033203e+00 -5.265999999999999570e-01
8.571054220199584961e+00 -5.268000000000000460e-01
8.628079891204833984e+00 -5.270000000000000240e-01
8.670024156570434570e+00 -5.266999999999999460e-01
8.727030038833618164e+00 -5.266999999999999460e-01
8.770079135894775391e+00 -5.268000000000000460e-01
8.827071189880371094e+00 -5.268000000000000460e-01
8.869049310684204102e+00 -5.269000000000000350e-01
8.925984144210815430e+00 -5.263999999999999790e-01
8.968998908996582031e+00 -5.270000000000000240e-01
9.025994062423706055e+00 -5.264999999999999680e-01
9.068968057632446289e+00 -5.272000000000000020e-01
9.125010013580322266e+00 -5.265999999999999570e-01
9.181966304779052734e+00 -5.269000000000000350e-01
9.225080251693725586e+00 -5.263999999999999790e-01
9.282316207885742188e+00 -5.269000000000000350e-01
9.325177907943725586e+00 -5.265999999999999570e-01
9.381261110305786133e+00 -5.269000000000000350e-01
9.424292087554931641e+00 -5.266999999999999460e-01
9.481321096420288086e+00 -5.268000000000000460e-01
9.523215055465698242e+00 -5.262999999999999901e-01
9.580291271209716797e+00 -5.265999999999999570e-01
9.623174905776977539e+00 -5.263999999999999790e-01
9.680246114730834961e+00 -5.263999999999999790e-01
9.722154140472412109e+00 -5.264999999999999680e-01
9.779261112213134766e+00 -5.264999999999999680e-01
9.822189092636108398e+00 -5.264999999999999680e-01
9.879251956939697266e+00 -5.264999999999999680e-01
9.922125101089477539e+00 -5.265999999999999570e-01
9.978228092193603516e+00 -5.262999999999999901e-01
1.003524303436279297e+01 -5.264999999999999680e-01
1.007822608947753906e+01 -5.262999999999999901e-01
1.013520812988281250e+01 -5.262000000000000011e-01
1.017824697494506836e+01 -5.262999999999999901e-01
1.023396706581115723e+01 -5.263999999999999790e-01
1.027691102027893066e+01 -5.261000000000000121e-01
1.033382201194763184e+01 -5.264999999999999680e-01
1.037680697441101074e+01 -5.262000000000000011e-01
1.043294215202331543e+01 -5.265999999999999570e-01
1.047581601142883301e+01 -5.262999999999999901e-01
1.053284621238708496e+01 -5.265999999999999570e-01
1.057580494880676270e+01 -5.263999999999999790e-01
1.063278913497924805e+01 -5.264999999999999680e-01
1.067477321624755859e+01 -5.263999999999999790e-01
1.073177719116210938e+01 -5.268000000000000460e-01
1.077478504180908203e+01 -5.263999999999999790e-01
1.083179306983947754e+01 -5.264999999999999680e-01
1.088876199722290039e+01 -5.262999999999999901e-01
1.093077206611633301e+01 -5.264999999999999680e-01
1.098780918121337891e+01 -5.264999999999999680e-01
1.103077721595764160e+01 -5.264999999999999680e-01
1.108777928352355957e+01 -5.264999999999999680e-01
1.113076519966125488e+01 -5.265999999999999570e-01
1.118674325942993164e+01 -5.264999999999999680e-01
1.122976112365722656e+01 -5.265999999999999570e-01
1.128673911094665527e+01 -5.264999999999999680e-01
1.132874822616577148e+01 -5.266999999999999460e-01
1.138578009605407715e+01 -5.265999999999999570e-01
1.142871522903442383e+01 -5.264999999999999680e-01
1.148570513725280762e+01 -5.268000000000000460e-01
1.152870011329650879e+01 -5.266999999999999460e-01
1.158473920822143555e+01 -5.268000000000000460e-01
1.162770795822143555e+01 -5.266999999999999460e-01
1.168472623825073242e+01 -5.268000000000000460e-01
1.172768497467041016e+01 -5.266999999999999460e-01
1.178370809555053711e+01 -5.269000000000000350e-01
1.182668495178222656e+01 -5.265999999999999570e-01
1.188369607925415039e+01 -5.269000000000000350e-01
1.192666912078857422e+01 -5.265999999999999570e-01
1.198364400863647461e+01 -5.265999999999999570e-01
1.203966498374938965e+01 -5.266999999999999460e-01
1.208267188072204590e+01 -5.266999999999999460e-01
1.213967013359069824e+01 -5.265999999999999570e-01
1.218262195587158203e+01 -5.268000000000000460e-01
1.223965024948120117e+01 -5.263999999999999790e-01
1.228161215782165527e+01 -5.265999999999999570e-01
1.233869004249572754e+01 -5.264999999999999680e-01
1.238163590431213379e+01 -5.268000000000000460e-01
1.243863296508789062e+01 -5.262999999999999901e-01
1.248062300682067871e+01 -5.264999999999999680e-01
1.253761005401611328e+01 -5.262999999999999901e-01
1.258062219619750977e+01 -5.263999999999999790e-01
1.263761901855468750e+01 -5.265999999999999570e-01
1.267959403991699219e+01 -5.263999999999999790e-01
1.273658108711242676e+01 -5.263999999999999790e-01
1.277960395812988281e+01 -5.264999999999999680e-01
1.283668112754821777e+01 -5.266999999999999460e-01
1.289364004135131836e+01 -5.263999999999999790e-01
1.293559193611145020e+01 -5.265999999999999570e-01
1.299256300926208496e+01 -5.263999999999999790e-01
1.303556108474731445e+01 -5.268000000000000460e-01
1.309256505966186523e+01 -5.263999999999999790e-01
1.313457489013671875e+01 -5.266999999999999460e-01
1.319158196449279785e+01 -5.265999999999999570e-01
1.323455119132995605e+01 -5.269000000000000350e-01
1.329153609275817871e+01 -5.264999999999999680e-01
1.333367896080017090e+01 -5.268000000000000460e-01
1.339057493209838867e+01 -5.264999999999999680e-01
1.343352985382080078e+01 -5.268000000000000460e-01
1.349053907394409180e+01 -5.263999999999999790e-01
1.353252220153808594e+01 -5.268000000000000460e-01
1.358950996398925781e+01 -5.265999999999999570e-01
1.363256502151489258e+01 -5.268000000000000460e-01
1.368953394889831543e+01 -5.266999999999999460e-01
1.374658417701721191e+01 -5.268000000000000460e-01
1.378848123550415039e+01 -5.264999999999999680e-01
1.384555196762084961e+01 -5.265999999999999570e-01
1.388849210739135742e+01 -5.269000000000000350e-01
1.394547700881958008e+01 -5.268000000000000460e-01
1.398848009109497070e+01 -5.266999999999999460e-01
1.404450702667236328e+01 -5.266999999999999460e-01
1.408749389648437500e+01 -5.265999999999999570e-01
1.414444708824157715e+01 -5.264999999999999680e-01
1.418743896484375000e+01 -5.268000000000000460e-01
1.424344515800476074e+01 -5.269000000000000350e-01
1.428642416000366211e+01 -5.269000000000000350e-01
1.434346413612365723e+01 -5.266999999999999460e-01
1.438646888732910156e+01 -5.269000000000000350e-01
1.444344997406005859e+01 -5.266999999999999460e-01
1.449948596954345703e+01 -5.269000000000000350e-01
1.454247999191284180e+01 -5.270000000000000240e-01
1.459947800636291504e+01 -5.270000000000000240e-01
1.464244508743286133e+01 -5.269000000000000350e-01
1.469942998886108398e+01 -5.271000000000000130e-01
1.474145102500915527e+01 -5.269000000000000350e-01
1.479845619201660156e+01 -5.272000000000000020e-01
1.484145998954772949e+01 -5.269000000000000350e-01
1.489845514297485352e+01 -5.271000000000000130e-01
1.494043016433715820e+01 -5.266999999999999460e-01
1.499743103981018066e+01 -5.272000000000000020e-01
1.504043507575988770e+01 -5.272999999999999909e-01
1.509735298156738281e+01 -5.272999999999999909e-01
1.513935399055480957e+01 -5.272999999999999909e-01
1.519644021987915039e+01 -5.273999999999999799e-01
1.523936390876770020e+01 -5.274999999999999689e-01
1.529644203186035156e+01 -5.274999999999999689e-01
1.533834195137023926e+01 -5.275999999999999579e-01
1.539541721343994141e+01 -5.276999999999999469e-01
1.543846416473388672e+01 -5.278000000000000469e-01
1.549538207054138184e+01 -5.280000000000000249e-01
1.553832006454467773e+01 -5.281000000000000139e-01
1.559439611434936523e+01 -5.276999999999999469e-01
1.563735318183898926e+01 -5.276999999999999469e-01
1.569435715675354004e+01 -5.279000000000000359e-01
1.575131821632385254e+01 -5.280000000000000249e-01
1.579428505897521973e+01 -5.275999999999999579e-01
1.585037922859191895e+01 -5.281000000000000139e-01
1.589329004287719727e+01 -5.276999999999999469e-01
1.595033812522888184e+01 -5.281000000000000139e-01
1.599327325820922852e+01 -5.276999999999999469e-01
1.604930901527404785e+01 -5.282000000000000028e-01
1.609232211112976074e+01 -5.280000000000000249e-01
1.614925503730773926e+01 -5.282000000000000028e-01
1.619227504730224609e+01 -5.281000000000000139e-01
1.624929428100585938e+01 -5.283999999999999808e-01
1.629127097129821777e+01 -5.280000000000000249e-01
1.634826803207397461e+01 -5.282000000000000028e-01
1.639124202728271484e+01 -5.280000000000000249e-01
1.644822502136230469e+01 -5.282999999999999918e-01
1.649025106430053711e+01 -5.280000000000000249e-01
1.654721689224243164e+01 -5.282999999999999918e-01
1.659022402763366699e+01 -5.280000000000000249e-01
1.664723896980285645e+01 -5.279000000000000359e-01
1.670421504974365234e+01 -5.280000000000000249e-01
1.674622797966003418e+01 -5.279000000000000359e-01
1.680323219299316406e+01 -5.279000000000000359e-01
1.684622907638549805e+01 -5.279000000000000359e-01
1.690320205688476562e+01 -5.276999999999999469e-01
1.694521403312683105e+01 -5.276999999999999469e-01
1.700227904319763184e+01 -5.279000000000000359e-01
1.704519104957580566e+01 -5.275999999999999579e-01
1.710219597816467285e+01 -5.280000000000000249e-01
1.714518213272094727e+01 -5.273999999999999799e-01
1.720116209983825684e+01 -5.278000000000000469e-01
1.724417805671691895e+01 -5.276999999999999469e-01
1.730130910873413086e+01 -5.279000000000000359e-01
1.734317398071289062e+01 -5.278000000000000469e-01
1.740018200874328613e+01 -5.279000000000000359e-01
1.744313311576843262e+01 -5.276999999999999469e-01
1.750017809867858887e+01 -5.278000000000000469e-01
1.755713224411010742e+01 -5.275999999999999579e-01
1.759917306900024414e+01 -5.276999999999999469e-01
1.765615606307983398e+01 -5.275999999999999579e-01
1.769912314414978027e+01 -5.278000000000000469e-01
1.775610709190368652e+01 -5.274999999999999689e-01
1.779913711547851562e+01 -5.276999999999999469e-01
1.785517501831054688e+01 -5.275999999999999579e-01
1.789810109138488770e+01 -5.279000000000000359e-01
1.795507311820983887e+01 -5.275999999999999579e-01
1.799809813499450684e+01 -5.278000000000000469e-01
1.805507898330688477e+01 -5.275999999999999579e-01
1.809704303741455078e+01 -5.276999999999999469e-01
1.815420126914978027e+01 -5.276999999999999469e-01
1.819711327552795410e+01 -5.278000000000000469e-01
1.825407314300537109e+01 -5.278000000000000469e-01
1.829610610008239746e+01 -5.280000000000000249e-01
1.835307717323303223e+01 -5.282000000000000028e-01
1.839607095718383789e+01 -5.282999999999999918e-01
1.845306611061096191e+01 -5.282999999999999918e-01
1.849506521224975586e+01 -5.282000000000000028e-01
1.855202698707580566e+01 -5.283999999999999808e-01
1.859503388404846191e+01 -5.283999999999999808e-01
1.865202593803405762e+01 -5.286999999999999478e-01
1.869505500793457031e+01 -5.282999999999999918e-01
1.875113916397094727e+01 -5.286999999999999478e-01
1.880826401710510254e+01 -5.284999999999999698e-01
1.885106205940246582e+01 -5.286999999999999478e-01
1.890808606147766113e+01 -5.284999999999999698e-01
1.895001411437988281e+01 -5.288000000000000478e-01
1.900700497627258301e+01 -5.284999999999999698e-01
1.905001401901245117e+01 -5.286999999999999478e-01
1.910703110694885254e+01 -5.283999999999999808e-01
1.914896488189697266e+01 -5.286999999999999478e-01
1.920625710487365723e+01 -5.282999999999999918e-01
1.924907088279724121e+01 -5.285999999999999588e-01
1.930629897117614746e+01 -5.281000000000000139e-01
1.934920406341552734e+01 -5.284999999999999698e-01
1.940537929534912109e+01 -5.282999999999999918e-01
1.944834709167480469e+01 -5.283999999999999808e-01
1.950524902343750000e+01 -5.282000000000000028e-01
1.956230401992797852e+01 -5.282999999999999918e-01
1.960505723953247070e+01 -5.284999999999999698e-01
1.966122508049011230e+01 -5.282000000000000028e-01
1.970419907569885254e+01 -5.283999999999999808e-01
1.976127600669860840e+01 -5.282999999999999918e-01
1.980407404899597168e+01 -5.284999999999999698e-01
1.986018800735473633e+01 -5.282000000000000028e-01
1.990317606925964355e+01 -5.285999999999999588e-01
1.996021509170532227e+01 -5.283999999999999808e-01
2.000313997268676758e+01 -5.286999999999999478e-01
2.006026196479797363e+01 -5.283999999999999808e-01
2.010216403007507324e+01 -5.290000000000000258e-01
2.015915822982788086e+01 -5.284999999999999698e-01
2.020206403732299805e+01 -5.291000000000000147e-01
2.025895905494689941e+01 -5.286999999999999478e-01
2.030092597007751465e+01 -5.291000000000000147e-01
2.035786104202270508e+01 -5.290000000000000258e-01
2.041493415832519531e+01 -5.292999999999999927e-01
2.045790505409240723e+01 -5.290000000000000258e-01
2.051487708091735840e+01 -5.292999999999999927e-01
2.055685997009277344e+01 -5.292999999999999927e-01
2.061386609077453613e+01 -5.294999999999999707e-01
2.065685892105102539e+01 -5.293999999999999817e-01
2.071383213996887207e+01 -5.293999999999999817e-01
2.075604796409606934e+01 -5.292999999999999927e-01
2.081297111511230469e+01 -5.293999999999999817e-01
2.085585498809814453e+01 -5.292999999999999927e-01
2.091282892227172852e+01 -5.292999999999999927e-01
2.095482206344604492e+01 -5.292000000000000037e-01
2.101185488700866699e+01 -5.292999999999999927e-01
2.105480813980102539e+01 -5.292999999999999927e-01
2.111179614067077637e+01 -5.291000000000000147e-01
2.115379524230957031e+01 -5.292999999999999927e-01
2.121078896522521973e+01 -5.289000000000000368e-01
2.126787424087524414e+01 -5.292999999999999927e-01
2.131082415580749512e+01 -5.291000000000000147e-01
2.136780118942260742e+01 -5.292000000000000037e-01
2.140980911254882812e+01 -5.288000000000000478e-01
2.146675515174865723e+01 -5.290000000000000258e-01
2.150976014137268066e+01 -5.288000000000000478e-01
2.156679201126098633e+01 -5.290000000000000258e-01
2.160974025726318359e+01 -5.286999999999999478e-01
2.166578316688537598e+01 -5.290000000000000258e-01
2.170871829986572266e+01 -5.289000000000000368e-01
2.176573300361633301e+01 -5.290000000000000258e-01
2.180885314941406250e+01 -5.286999999999999478e-01
2.186502718925476074e+01 -5.289000000000000368e-01
2.190774989128112793e+01 -5.288000000000000478e-01
2.196476507186889648e+01 -5.290000000000000258e-01
2.200771522521972656e+01 -5.289000000000000368e-01
2.206372523307800293e+01 -5.289000000000000368e-01
2.210672998428344727e+01 -5.288000000000000478e-01
2.216373419761657715e+01 -5.290000000000000258e-01
2.222070097923278809e+01 -5.290000000000000258e-01
2.226368594169616699e+01 -5.290000000000000258e-01
2.231969594955444336e+01 -5.289000000000000368e-01
2.236271905899047852e+01 -5.290000000000000258e-01
2.241968607902526855e+01 -5.289000000000000368e-01
2.246267199516296387e+01 -5.289000000000000368e-01
2.251966714859008789e+01 -5.291000000000000147e-01
2.256166315078735352e+01 -5.290000000000000258e-01
2.261866092681884766e+01 -5.291000000000000147e-01
2.266163992881774902e+01 -5.285999999999999588e-01
2.271867203712463379e+01 -5.293999999999999817e-01
2.276161813735961914e+01 -5.289000000000000368e-01
2.281768703460693359e+01 -5.293999999999999817e-01
2.286064505577087402e+01 -5.291000000000000147e-01
2.291761112213134766e+01 -5.292000000000000037e-01
2.295964193344116211e+01 -5.293999999999999817e-01
2.301661229133605957e+01 -5.293999999999999817e-01
2.307360386848449707e+01 -5.290000000000000258e-01
2.311659026145935059e+01 -5.294999999999999707e-01
2.317360424995422363e+01 -5.292000000000000037e-01
2.321561503410339355e+01 -5.293999999999999817e-01
2.327258396148681641e+01 -5.291000000000000147e-01
2.331568431854248047e+01 -5.292999999999999927e-01
2.337267208099365234e+01 -5.293999999999999817e-01
2.341457414627075195e+01 -5.293999999999999817e-01
2.347156095504760742e+01 -5.294999999999999707e-01
2.351457691192626953e+01 -5.294999999999999707e-01
2.357155513763427734e+01 -5.293999999999999817e-01
2.361457324028015137e+01 -5.295999999999999597e-01
2.367058324813842773e+01 -5.292999999999999927e-01
2.371359491348266602e+01 -5.293999999999999817e-01
2.377053308486938477e+01 -5.295999999999999597e-01
2.381359004974365234e+01 -5.293999999999999817e-01
2.387053513526916504e+01 -5.295999999999999597e-01
2.392655205726623535e+01 -5.292999999999999927e-01
2.396953511238098145e+01 -5.296999999999999487e-01
2.402655220031738281e+01 -5.292999999999999927e-01
2.406951999664306641e+01 -5.295999999999999597e-01
2.412553501129150391e+01 -5.289000000000000368e-01
2.416850709915161133e+01 -5.294999999999999707e-01
2.422548890113830566e+01 -5.292999999999999927e-01
2.426848101615905762e+01 -5.293999999999999817e-01
2.432553410530090332e+01 -5.292000000000000037e-01
2.436752104759216309e+01 -5.295999999999999597e-01
2.442454195022583008e+01 -5.294999999999999707e-01
2.446746706962585449e+01 -5.298000000000000487e-01
2.452447700500488281e+01 -5.295999999999999597e-01
2.456647896766662598e+01 -5.299000000000000377e-01
2.462346291542053223e+01 -5.295999999999999597e-01
2.466647624969482422e+01 -5.298000000000000487e-01
2.472343206405639648e+01 -5.298000000000000487e-01
2.476545596122741699e+01 -5.302000000000000046e-01
2.482256603240966797e+01 -5.296999999999999487e-01
2.486548519134521484e+01 -5.298000000000000487e-01
2.492242002487182617e+01 -5.299000000000000377e-01
2.497942304611206055e+01 -5.296999999999999487e-01
2.502145791053771973e+01 -5.300000000000000266e-01
2.507841897010803223e+01 -5.298000000000000487e-01
2.512136507034301758e+01 -5.300000000000000266e-01
2.517841911315917969e+01 -5.300000000000000266e-01
2.522041201591491699e+01 -5.301000000000000156e-01
2.527746200561523438e+01 -5.298000000000000487e-01
2.532042407989501953e+01 -5.298000000000000487e-01
2.537738609313964844e+01 -5.295999999999999597e-01
2.542050600051879883e+01 -5.298000000000000487e-01
2.547640419006347656e+01 -5.295999999999999597e-01
2.551942610740661621e+01 -5.298000000000000487e-01
2.557640004158020020e+01 -5.295999999999999597e-01
2.561841607093811035e+01 -5.296999999999999487e-01
2.567639112472534180e+01 -5.294999999999999707e-01
2.571841311454772949e+01 -5.298000000000000487e-01
2.577537012100219727e+01 -5.296999999999999487e-01
2.583243298530578613e+01 -5.300000000000000266e-01
2.587441325187683105e+01 -5.298000000000000487e-01
2.593137812614440918e+01 -5.302000000000000046e-01
2.597436714172363281e+01 -5.302000000000000046e-01
2.603138303756713867e+01 -5.304999999999999716e-01
2.607437300682067871e+01 -5.302999999999999936e-01
2.613139796257019043e+01 -5.306999999999999496e-01
2.617339920997619629e+01 -5.304999999999999716e-01
2.623030400276184082e+01 -5.309000000000000385e-01
2.627328801155090332e+01 -5.309000000000000385e-01
2.632932519912719727e+01 -5.309000000000000385e-01
2.637228512763977051e+01 -5.309000000000000385e-01
2.642929601669311523e+01 -5.310000000000000275e-01
2.647226810455322266e+01 -5.309000000000000385e-01
2.652927803993225098e+01 -5.308000000000000496e-01
2.657126617431640625e+01 -5.310000000000000275e-01
2.662826299667358398e+01 -5.310000000000000275e-01
2.667124199867248535e+01 -5.311000000000000165e-01
2.672825098037719727e+01 -5.310000000000000275e-01
2.677023315429687500e+01 -5.310000000000000275e-01
2.682730102539062500e+01 -5.310000000000000275e-01
2.688427400588989258e+01 -5.314999999999999725e-01
2.692723321914672852e+01 -5.312999999999999945e-01
2.698421788215637207e+01 -5.314999999999999725e-01
2.702624607086181641e+01 -5.312999999999999945e-01
2.708322310447692871e+01 -5.318000000000000504e-01
2.712624001502990723e+01 -5.315999999999999615e-01
2.718321418762207031e+01 -5.320000000000000284e-01
2.722622609138488770e+01 -5.316999999999999504e-01
2.728227210044860840e+01 -5.321000000000000174e-01
2.732521414756774902e+01 -5.318000000000000504e-01
2.738222599029541016e+01 -5.321000000000000174e-01
2.742518615722656250e+01 -5.318000000000000504e-01
2.748221015930175781e+01 -5.318000000000000504e-01
2.752418422698974609e+01 -5.319000000000000394e-01
2.758117413520812988e+01 -5.319000000000000394e-01
2.762418508529663086e+01 -5.319000000000000394e-01
2.768017911911010742e+01 -5.320000000000000284e-01
2.772317910194396973e+01 -5.320000000000000284e-01
2.778015398979187012e+01 -5.319000000000000394e-01
2.783717799186706543e+01 -5.322000000000000064e-01
2.788016223907470703e+01 -5.322999999999999954e-01
2.793614006042480469e+01 -5.322999999999999954e-01
2.797914290428161621e+01 -5.323999999999999844e-01
2.803612613677978516e+01 -5.325999999999999623e-01
2.807918596267700195e+01 -5.326999999999999513e-01
2.813615107536315918e+01 -5.326999999999999513e-01
2.817812299728393555e+01 -5.326999999999999513e-01
2.823510718345642090e+01 -5.331000000000000183e-01
2.827812218666076660e+01 -5.328000000000000513e-01
2.833514189720153809e+01 -5.331000000000000183e-01
2.837712693214416504e+01 -5.331000000000000183e-01
2.843408799171447754e+01 -5.332000000000000073e-01
2.847712898254394531e+01 -5.329000000000000403e-01
2.853408813476562500e+01 -5.333999999999999853e-01
2.857612299919128418e+01 -5.329000000000000403e-01
2.863315796852111816e+01 -5.333999999999999853e-01
2.867610192298889160e+01 -5.330000000000000293e-01
2.873308300971984863e+01 -5.332999999999999963e-01
2.879007911682128906e+01 -5.332000000000000073e-01
2.883213496208190918e+01 -5.332999999999999963e-01
2.888910603523254395e+01 -5.331000000000000183e-01
2.893205404281616211e+01 -5.332999999999999963e-01
2.898906397819519043e+01 -5.332000000000000073e-01
2.903107905387878418e+01 -5.333999999999999853e-01
2.908803200721740723e+01 -5.338000000000000522e-01
2.913103103637695312e+01 -5.339000000000000412e-01
2.918812799453735352e+01 -5.338000000000000522e-01
2.923141503334045410e+01 -5.340000000000000302e-01
2.928733396530151367e+01 -5.341000000000000192e-01
2.933025908470153809e+01 -5.340000000000000302e-01
2.938745617866516113e+01 -5.341000000000000192e-01
2.943019413948059082e+01 -5.339000000000000412e-01
2.948613309860229492e+01 -5.342999999999999972e-01
2.954309415817260742e+01 -5.341000000000000192e-01
2.958618617057800293e+01 -5.343999999999999861e-01
2.964330601692199707e+01 -5.338000000000000522e-01
2.968629622459411621e+01 -5.342999999999999972e-01
2.974229216575622559e+01 -5.340000000000000302e-01
2.978531527519226074e+01 -5.341000000000000192e-01
2.984237504005432129e+01 -5.335999999999999632e-01
2.988425827026367188e+01 -5.342000000000000082e-01
2.994220805168151855e+01 -5.340000000000000302e-01
2.998420619964599609e+01 -5.342000000000000082e-01
